usart initialized
freq at 1024 is 49, freq at 3096 is 422
searching for 110.000000 Hz
trying codepoint 1802 -> freq is 115.179062 Hz -> need to shift by -44
trying codepoint 1758 -> freq is 110.009583 Hz -> need to shift by +0
result: 110.009583 is at 1758
code point is 1758
done, took 110 measurements
1758     11      29327    30156     29342    30140     29342    30153     29368    30158     29336    30156     29347    30176     29327    30246     29342    30200     29343    30174     29345    30156     29349    30150     29349    30157     29361    30170     29356    30183     29375    30163     29345    30175     29368    30192     29349    30201     29359    30192     29350    30183     29361    30184     29361    30194     29367    30186     29360    30175     29367    30195     29370    30198     29357    30177     29349    30194     29355    30190     29338    30179     29357    30172     29332    30166     29353    30190     29349    30160     29354    30173     29355    30176     29384    30204     29365    30183     29382    30182     29369    30200     29365    30211     29369    30188     29370    30198     29359    30189     29363    30193     29379    30186     29362    30187     29373    30181     29354    30173     29369    30184     29360    30178     29368    30200     29379    30195     29366    30183     29362    30196     29366    30196     29380    30171     29360    30190     29383    30176     29361    30189     29392    30187     29350    30198     29336    30179     29346    30170     29346    30183     29342    30162     29355    30171     29357    30163     29357    30162     29367    30177     29369    30164     29357    30179     29364    30190     29343    30186     29359    30161     29333    30164     29357    30168     29341    30160     29354    30157     29350    30173     29364    30176     29356    30162     29353    30166     29338    30176     29353    30190     29349    30193     29355    30172     29360    30171     29358    30186     29367    30177     29362    30186     29374    30183     29349    30192     29371    30195     29346    30182     29367    30190     29334    30188     29351    30187     29362    30202     29346    30169     29351    30164     29349    30151     29370    30165     29353    30178     29360    30173     29347    30171     29355    30176     29329    30193     29340    30155     29325    30149
searching for 220.000000 Hz
trying codepoint 2469 -> freq is 233.075790 Hz -> need to shift by -55
trying codepoint 2414 -> freq is 219.956268 Hz -> need to shift by +1
trying codepoint 2415 -> freq is 220.183090 Hz -> need to shift by +0
result: 220.183090 is at 2415
code point is 2415
done, took 221 measurements
2415      6      27479    27008     27509    27002     27489    27021     27502    27008     27499    27012     27492    27020     27520    27013     27499    27023     27475    27012     27485    27008     27490    26999     27481    27017     27476    27005     27487    27004     27481    27007     27500    27004     27496    27015     27490    27012     27466    27014     27492    27001     27487    27009     27483    27004     27500    27010     27493    27007     27474    27010     27473    27013     27483    27016     27476    27002     27486    27001     27462    27007     27467    27006     27500    27007     27495    27020     27478    27015     27512    27004     27486    27019     27478    27011     27517    27019     27499    27013     27467    27015     27495    27011     27490    27014     27509    27018     27481    27014     27494    27018     27488    27001     27488    27000     27484    26992     27465    27016     27514    27002     27491    27013     27488    27006     27465    27008     27483    27005     27476    26992     27493    27008     27457    27007     27463    27005     27459    26996     27492    26990     27486    27011     27462    27004     27492    26996     27477    27002     27492    27000     27480    26999     27456    27005     27468    26984     27496    26996     27468    27006     27454    26991     27489    26997     27488    27013     27484    27004     27450    27002     27481    26998     27489    27011     27499    27004     27486    27002     27465    27005     27490    26994     27492    27009     27483    27014     27475    27003     27506    27013     27464    27005     27489    27018     27488    27012     27491    27012     27472    27010     27499    26997     27479    27012     27508    27006     27498    26999     27486    27021     27482    27005     27499    27009     27484    27013     27480    27010     27495    27007     27495    27014     27520    26992     27496    27008     27485    27002     27487    27004     27491    26994     27471    27006     27460    27009     27501    26997     27461    26995     27486    26998     27472    27004     27483    27009     27480    27004     27498    27001     27484    27008     27501    27021     27478    27005     27471    26998     27463    27010     27452    27021     27502    26994     27496    27032     27464    26996     27515    27007     27495    27007     27486    27007     27477    27021     27486    27001     27490    27001     27499    27011     27462    27001     27503    26997     27479    26994     27489    27005     27465    27004     27485    26995     27486    27014     27498    27010     27511    27013     27482    27020     27480    27003     27503    27007     27492    27013     27482    27004     27493    27007     27462    27014     27450    26988     27506    27003     27478    27010     27464    27002     27506    27011     27484    27010     27490    27005     27470    26998     27490    27011     27472    27010     27465    26994     27487    26991     27470    26996     27481    26999     27509    27007     27496    27008     27485    27001     27493    27005     27492    27006     27462    27000     27484    26995     27462    27004     27471    27001     27480    27000     27467    27006     27499    27004     27475    27007     27482    26997     27505    27002     27467    27004     27457    26993     27489    26997     27454    26994     27477    26988     27489    26996     27464    27017     27494    27018     27445    27000     27451    27005     27484    26992     27483    27005     27507    26992     27499    27013     27493    27007     27470    27009     27492    27000     27487    26997     27459    27000     27470    26981     27471    26996     27466    26994     27478    27006     27493    26995     27490    27010     27475    27008     27497    26991     27462    27002     27480    26986     27487    26992     27493    26999     27458    27003     27482    26997     27482    27005     27483    27000     27479    27001     27481    27006     27465    26993     27509    27003     27479    27014     27459    27004     27523    27004     27490    27006     27468    27002     27472    26994
searching for 440.000000 Hz
trying codepoint 3136 -> freq is 441.525452 Hz -> need to shift by -3
trying codepoint 3133 -> freq is 440.812653 Hz -> need to shift by -1
trying codepoint 3132 -> freq is 440.371826 Hz -> need to shift by -1
trying codepoint 3131 -> freq is 439.846436 Hz -> need to shift by +1
trying codepoint 3132 -> freq is 439.649017 Hz -> need to shift by +1
trying codepoint 3133 -> freq is 440.371826 Hz -> need to shift by -1
trying codepoint 3132 -> freq is 440.054504 Hz -> need to shift by +0
result: 440.054504 is at 3132
code point is 3132
done, took 441 measurements
3132      3      30339    24276     30068    24296     30495    24282     30137    24302     30350    24291     30148    24289     30429    24283     30178    24292     30317    24299     30126    24294     30409    24282     30277    24306     30430    24286     30189    24296     30312    24277     30044    24298     30369    24272     30193    24290     30351    24299     30145    24305     30277    24282     29987    24300     30365    24285     30231    24297     30359    24294     30004    24299     30273    24278     30219    24300     30342    24278     30106    24292     30368    24277     30134    24293     30242    24288     30111    24290     30377    24269     30185    24299     30381    24278     29970    24290     30339    24272     30188    24291     30419    24278     30343    24290     30355    24283     30249    24291     30400    24276     29972    24292     30422    24273     30196    24311     30294    24269     30319    24288     30398    24287     30198    24301     30299    24282     30142    24298     30339    24277     30161    24295     30418    24281     30160    24300     30342    24292     30084    24290     30342    24278     30308    24294     30382    24269     30230    24285     30392    24280     30161    24294     30339    24281     30076    24298     30407    24290     30045    24302     30299    24275     30095    24300     30376    24276     30022    24291     30348    24272     30130    24295     30361    24271     30118    24288     30358    24282     30194    24286     30434    24276     30132    24290     30427    24288     29947    24298     30478    24284     30228    24306     30365    24283     29940    24294     30374    24264     29955    24298     30406    24269     30258    24302     30361    24282     30159    24298     30281    24282     30179    24287     30334    24269     30156    24290     30334    24278     30138    24288     30331    24271     29971    24297     30390    24270     30094    24292     30342    24276     29955    24283     30332    24264     30084    24280     30399    24261     30161    24295     30428    24290     30153    24305     30394    24274     29881    24295     30361    24258     29980    24289     30306    24270     30153    24315     30270    24292     30156    24298     30350    24276     30091    24280     30303    24266     30142    24288     30372    24279     30186    24289     30401    24270     30131    24299     30361    24298     30064    24288     30370    24280     30191    24294     30438    24273     30130    24302     30414    24281     30284    24301     30360    24276     30086    24288     30348    24285     30135    24316     30305    24290     30120    24301     30392    24286     30011    24293     30412    24282     30149    24296     30375    24281     29976    24293     30364    24276     30164    24290     30414    24294     29967    24286     30430    24279     30164    24292     30429    24285     29958    24304     30210    24264     30148    24286     30353    24269     29886    24286     30429    24278     30044    24295     30382    24277     30195    24290     30398    24275     30087    24295     30281    24281     30059    24294     30172    24287     30200    24309     30124    24294     30145    24291     30409    24298     30192    24301     30421    24278     29908    24287     30406    24274     30055    24289     30440    24267     30065    24284     30383    24291     29868    24305     30331    24285     30174    24295     30331    24270     30198    24297     30351    24275     29960    24310     30418    24282     30111    24306     30398    24274     30096    24293     30434    24290     30052    24292     30370    24266     29988    24292     30424    24274     30095    24294     30382    24279     30097    24301     30364    24268     29964    24308     30397    24278     30131    24301     30380    24272     29982    24303     30411    24294     30180    24305     30381    24292     30082    24295     30348    24274     30148    24292     30337    24289     30230    24296     30353    24305     30145    24300     30430    24289     30166    24295     30403    24288     30037    24304     30371    24278     29963    24291     30229    24277     30169    24293     30380    24276     30232    24306     30379    24282     29941    24306     30387    24282     29993    24311     30340    24267     30261    24295     30308    24287     30148    24289     30364    24284     30123    24291     30294    24290     30169    24287     30379    24287     30041    24307     30313    24271     29907    24283     30411    24265     30030    24301     30417    24285     30091    24295     30315    24270     30046    24290     30448    24275     30149    24290     30396    24282     30140    24292     30309    24278     30080    24283     30355    24260     29996    24279     30380    24266     30148    24282     30348    24287     30273    24297     30370    24279     30177    24314     30377    24285     30136    24295     30406    24292     30224    24310     30385    24289     30198    24300     30403    24291     30065    24293     30400    24292     29986    24296     30388    24287     30206    24301     30355    24272     29916    24301     30406    24268     30321    24288     30341    24266     30054    24294     30251    24264     30116    24279     30373    24251     30227    24296     30363    24288     30052    24288     30257    24274     30124    24283     30425    24274     30126    24283     30355    24274     30074    24281     30369    24279     29963    24291     30439    24263     30210    24294     30333    24274     29924    24285     30267    24256     29967    24279     30405    24266     30024    24284     30399    24272     30179    24304     30345    24282     30007    24290     30330    24261     30185    24298     30373    24276     30103    24277     30370    24275     30147    24289     30425    24274     30059    24291     30420    24278     29911    24292     30394    24278     30091    24298     30406    24279     29958    24292     30412    24261     30060    24297     30340    24285     29934    24287     30332    24274     30044    24298     30350    24274     30202    24292     30237    24288     30135    24294     30365    24278     29988    24295     30334    24270     30160    24290     30363    24264     29970    24297     30360    24280     30203    24301     30427    24286     29997    24317     30429    24287     29965    24295     30340    24273     29926    24290     30403    24280     30176    24300     30371    24271     30036    24301     30423    24286     30236    24297     30345    24293     30064    24296     30343    24278     30104    24295     30333    24286     30196    24303     30438    24282     30158    24312     30400    24292     30075    24305     30433    24282     30126    24305     30370    24289     30126    24301     30390    24279     29857    24308     30325    24286     30214    24295     30349    24272     30122    24297     30329    24273     30222    24290     30376    24297     30116    24293     30368    24301     29988    24303     30267    24280     30198    24301     30420    24292     30045    24302     30404    24276     30203    24308     30390    24304     30104    24312     30373    24298     30193    24302     30301    24281     30194    24300     30353    24282     30040    24305     30375    24280     30231    24305     30403    24298     30252    24310     30377    24285     30089    24303     30326    24283     30139    24309     30302    24297     30210    24296     30418    24293     30145    24313     30358    24288     30099    24312     30458    24294     30200    24308     30443    24301     30107    24302     30425    24294     30238    24312     30351    24295     30216    24298     30400    24275     29953    24297     30366    24267     30324    24290     30307    24279     30082    24308     30409    24267     30146    24294     30339    24265     30211    24292     30333    24286     30023    24302     30350    24271     29896    24296     30448    24284     30208    24302     30375    24286     30086    24291     30342    24282     30042    24296     30376    24298     30226    24302     30374    24276     29937    24287     30371    24277     30178    24300     30425    24285     30129    24309     30393    24307
searching for 880.000000 Hz
trying codepoint 3803 -> freq is 864.596924 Hz -> need to shift by +17
trying codepoint 3820 -> freq is 882.011414 Hz -> need to shift by -2
trying codepoint 3818 -> freq is 880.639099 Hz -> need to shift by +0
result: 880.639099 is at 3818
code point is 3818
done, took 880 measurements
3818      2      25073    15818     25389    15829     25001    15842     25022    15831     25500    15851     25065    15831     25129    15844     25394    15859     25141    15855     25014    15847     25434    15841     25016    15856     25031    15849     25378    15856     24660    15864     25235    15836     25330    15852     24720    15852     25110    15852     25429    15850     24767    15850     25193    15852     24875    15840     25474    15834     25199    15835     25360    15836     24998    15850     24985    15843     25133    15858     24901    15839     25320    15845     25480    15848     25192    15852     24782    15832     25421    15843     24948    15844     24973    15831     25385    15839     24817    15865     24896    15838     25473    15854     24834    15852     24854    15843     25369    15823     24801    15842     25238    15843     25245    15852     24860    15843     25076    15855     25404    15852     25079    15869     24627    15841     25304    15851     24973    15836     25161    15842     24861    15837     25151    15831     24932    15830     25362    15837     24941    15843     24878    15819     25414    15827     25011    15860     24838    15856     25409    15834     25038    15843     24768    15850     25389    15836     24754    15839     25085    15839     25386    15866     24974    15857     25068    15836     25252    15840     24982    15856     24791    15848     25479    15837     25046    15848     25122    15839     25354    15841     25002    15843     25074    15834     25387    15844     24964    15844     25118    15848     25405    15838     25256    15841     25261    15844     25430    15867     25373    15835     25313    15858     25492    15841     25434    15831     25236    15848     25389    15848     25161    15839     25137    15830     25474    15824     25310    15837     24834    15824     25432    15844     24874    15850     25073    15831     25529    15841     24749    15837     25140    15826     25398    15838     24948    15860     25041    15851     25462    15835     24917    15842     25157    15838     25416    15837     24819    15845     25265    15843     25169    15852     24801    15852     25516    15856     25322    15844     24982    15852     25040    15846     25477    15849     24973    15855     25025    15835     25325    15842     24991    15856     25197    15841     25362    15841     24994    15835     25126    15846     25313    15831     25035    15841     25085    15831     25401    15828     24729    15848     25037    15831     25372    15869     25088    15848     25113    15827     25373    15837     24789    15850     24883    15825     25272    15858     24829    15838     25028    15834     25289    15836     25134    15847     24961    15844     25420    15844     25022    15847     24976    15842     25163    15844     24849    15834     25193    15843     25334    15847     25197    15879     24737    15839     25443    15836     24870    15855     24958    15835     25398    15842     25028    15843     24989    15838     25338    15839     25069    15871     24731    15828     25337    15846     24836    15840     25102    15840     25245    15850     25062    15844     24965    15832     25382    15852     24954    15852     25006    15843     25342    15830     24986    15850     24846    15843     25442    15830     25099    15847     24996    15840     25353    15836     25033    15853     25026    15846     25393    15846     24997    15857     25163    15842     25345    15863     25026    15870     25199    15828     25464    15836     24761    15855     25041    15833     25400    15820     24922    15844     24797    15837     25503    15833     25076    15843     25054    15848     25564    15839     25048    15843     25075    15830     25314    15841     24970    15838     25073    15850     25502    15841     25150    15858     25053    15838     25331    15842     24732    15848     25019    15840     25406    15843     24995    15852     25142    15833     25380    15850     25098    15867     25009    15859     25374    15850     25018    15850     24872    15848     25365    15838     25032    15873     25114    15834     25405    15842     25024    15836     25019    15847     25213    15832     24688    15829     25067    15833     25385    15845     24836    15848     24786    15836     25397    15832     25130    15846     24782    15855     25474    15833     25074    15849     25077    15864     25315    15856     24846    15866     25201    15848     25341    15830     24978    15835     24764    15815     24976    15821     25201    15827     25011    15841     25368    15842     25029    15843     25078    15831     25362    15846     24993    15840     25090    15832     25274    15837     25093    15846     25129    15836     25421    15844     24797    15843     25100    15840     25422    15834     24971    15852     24997    15831     25259    15828     25014    15837     25153    15848     25352    15851     24977    15847     25098    15842     25300    15844     25054    15862     25081    15848     25349    15833     25092    15837     25182    15840     25409    15850     25022    15863     25163    15835     25406    15854     25025    15850     24743    15845     25549    15836     25024    15849     24626    15834     25539    15835     25305    15850     24726    15837     25445    15846     24840    15866     24933    15844     25283    15847     25006    15858     25214    15846     25430    15855     25091    15842     25062    15831     25473    15838     25119    15855     24957    15842     25355    15837     25096    15851     25094    15834     25462    15831     25140    15844     24961    15842     25401    15868     25037    15852     24658    15838     25547    15867     24978    15874     25272    15848     25379    15845     24868    15848     24868    15851     25139    15857     24793    15833     25086    15834     25381    15863     24970    15846     24959    15836     25286    15847     25100    15846     24845    15840     25184    15837     25078    15830     25062    15834     25346    15848     24942    15834     25194    15863     25358    15839     24783    15855     25205    15846     25438    15851     24941    15845     25020    15837     25392    15837     24958    15871     25049    15846     25404    15848     24974    15859     25207    15840     25261    15863     24779    15845     25093    15849     25406    15843     25008    15857     25007    15857     25444    15849     24881    15867     25054    15855     25380    15864     25041    15854     25073    15867     25408    15845     25050    15854     24981    15851     25398    15846     24957    15856     25061    15841     25392    15841     25093    15853     25132    15848     25340    15858     24942    15849     25065    15870     25409    15860     24984    15860     25095    15857     25428    15850     25042    15841     25094    15851     25353    15864     25075    15844     25066    15847     25397    15846     25038    15852     25341    15835     25202    15860     25079    15869     25116    15851     25072    15857     25081    15844     25152    15836     25349    15840     24932    15837     25418    15843     25181    15843     24944    15832     24838    15834     25292    15841     25088    15855     25173    15822     24837    15856     25078    15831     24845    15846     24838    15824     25037    15845     24766    15848     25198    15853     24835    15838     24865    15860     25420    15830     25019    15859     24888    15834     25183    15832     25049    15850     24757    15834     25385    15832     25053    15836     25091    15817     25358    15828     25087    15828     25071    15826     25291    15828     24937    15833     25033    15825     25389    15817     25017    15839     24738    15831     25437    15823     25137    15846     25053    15857     25331    15840     24966    15834     25036    15840     25347    15837     24984    15855     25029    15827     25261    15843     24810    15837     24962    15822     25347    15832     25016    15837     24997    15838     25427    15848     24993    15844     24770    15835     25415    15828     24756    15845     25273    15819     25317    15841     24865    15861     25012    15837     25318    15836     24997    15831     25075    15842     25373    15830     25188    15836     24774    15840     25457    15852     25049    15846     25174    15845     25445    15846     24954    15842     25085    15832     25414    15847     24974    15842     24916    15824     25446    15826     25158    15847     25077    15835     25425    15831     24957    15849     25133    15866     25401    15846     25253    15843     25443    15847     25410    15859     25045    15842     25005    15854     25496    15833     24709    15861     25167    15837     25370    15849     24960    15848     25122    15852     25358    15837     25206    15855     24977    15840     25421    15854     25032    15851     25290    15840     25382    15855     24670    15854     24772    15834     25493    15837     25046    15847     25077    15842     25383    15856     24994    15833     24745    15831     25275    15830     25025    15863     24922    15836     25349    15846     24852    15857     25253    15832     25349    15843     24959    15831     25129    15835     25327    15841     24776    15853     25044    15840     25225    15842     25062    15856     25196    15840     25400    15852     24936    15845     25233    15828     25341    15838     24784    15837     24864    15828     25421    15835     25006    15851     25169    15846     25293    15852     25122    15846     25153    15824     25384    15850     24704    15834     25098    15844     25365    15841     24979    15869     24828    15851     25481    15831     25103    15849     25073    15864     25385    15841     24932    15852     25150    15846     25351    15840     25230    15868     24733    15850     25149    15828     25218    15849     25156    15856     25317    15836     24995    15860     25028    15838     25393    15845     25038    15843     25016    15847     25389    15834     25109    15828     25020    15832     25389    15834     24997    15839     25065    15830     25374    15833     25097    15834     24811    15821     25452    15824     25165    15848     25174    15835     25393    15832     24969    15833     24974    15848     25409    15850     24682    15843     24862    15823     25410    15835     25165    15841     25108    15830     25317    15843     25041    15841     25047    15822     25353    15830     25009    15834     24785    15820     25469    15828     24950    15846     25346    15847     25332    15840     24924    15844     24906    15841     25414    15831     24804    15848     24917    15846     25416    15833     25005    15852     25106    15831     25353    15835     25086    15844     25170    15827     25414    15853     24978    15846     25121    15830     25297    15836     24972    15845     25062    15828     25394    15854     25114    15851     25105    15849     25401    15837     24920    15843     25037    15840     25404    15825     24662    15846     24849    15827     25394    15832     25126    15838     24873    15827     25350    15845     24882    15846     25134    15824     25393    15834     24720    15844     24869    15839     25429    15844     24942    15843     25521    15840     25230    15859     25009    15841     24873    15852     25326    15843     24830    15857     24897    15848     25361    15837     25142    15856     24805    15847     25428    15839     24893    15852     24914    15844     25369    15840     24996    15851     25082    15832     25388    15840     25003    15841     24877    15834     25337    15846     25064    15848     25101    15844     25356    15841     24997    15859     25072    15845     25420    15840     25008    15843     24985    15836     25281    15851     24762    15847     25344    15840     25434    15830     24958    15832     25092    15840     25466    15828     24709    15831     24842    15830     25409    15842     24776    15841     25227    15821     25425    15828     24747    15840     24954    15827     25338    15832     25282    15835     24944    15843     25433    15828     25050    15843     25061    15834     25437    15831     24652    15865     24942    15822     25385    15830     25034    15845     24901    15844     25529    15829     24807    15837     25130    15844     25228    15868     24994    15832     25122    15827     25280    15819     24966    15848     25149    15839     25021    15845     25041    15842     25166    15847     25326    15836     24781    15865     24833    15843     25409    15824     24924    15828     25064    15829     25333    15826     24939    15833     24773    15824     25336    15829     24807    15816     24877    15823     25341    15816     24885    15840     25341    15816     25365    15838     24688    15844     24844    15809     25084    15831     24881    15817     25113    15825     25350    15836     24940    15836     25061    15827     25353    15824     24909    15819     24985    15828     25245    15840     24675    15825     25150    15820     25153    15835     24793    15811     25032    15817     25298    15829     24962    15832     24771    15806     25400    15832     25010    15818     25018    15819     25352    15830     25056    15815     25128    15818     25401    15834     24929    15818     25007    15820     25365    15828     24914    15822     25029    15838     25333    15809     24909    15827     25185    15813     25383    15836     25002    15827     25115    15819     25493    15832     24990    15827     24992    15816     25407    15837     24957    15831     25325    15823     25441    15815     24974    15819     25047    15825     25309    15823     24847    15833     25185    15829     25344    15820     24681    15826     24876    15820     24915    15807     25222    15815     25133    15823     25398    15824     24985    15832     25065    15821     25197    15820     24988    15820     25021    15808     25290    15807     24909    15810     25209    15820     25324    15818     25039    15823     25064    15825     25332    15811     25004    15815     25019    15816     25337    15828     24661    15814     25078    15806     25394    15820     25076    15824     25098    15822     25214    15824     25117    15850     25005    15807     25265    15811     24780    15829     24833    15798     25278    15811     24690    15811     24815    15805     25394    15813     25074    15830     24816    15831     25086    15828     24997    15810     25009    15814     25033    15830     25072    15811     24829    15814     25394    15838     24703    15843     24805    15815     25293    15817     24552    15808     24841    15822     25278    15808     24852    15819     25133    15808     25206    15816     25079    15834     24969    15817     25353    15816     24998    15811     25043    15820     25380    15820     24992    15832     25000    15810     25398    15824     24954    15819     24757    15817     25308    15819     24966    15839     25029    15827     25325    15810     24966    15828     24903    15809     25337    15807     24977    15828     25103    15836     25354    15813     25036    15820     25161    15820     25181    15834     24970    15819     25282    15813     25318    15809     24974    15847     25010    15827     25377    15804     25065    15807     25007    15817     25350    15824     24894    15826     25034    15810     25375    15808     24938    15820     24822    15818     25360    15810     24664    15827     25342    15818     25338    15838     24732    15814     25093    15809     25302    15834     24953    15835     24927    15813     25325    15824     24958    15826     24724    15800     25400    15809     24718    15821     25050    15794     25317    15815     25059    15833     25023    15807     25369    15822     24993    15828     25011    15819     25369    15811     24881    15831     24813    15809     25094    15816     25070    15811     24667    15828     25413    15807     24965    15828     24990    15819     25286    15827     24942    15831     25061    15822     25325    15810     24942    15840     24783    15800     25445    15810     24630    15822     25262    15810     25313    15813     24989    15828     24807    15805     25073    15815     24851    15813     24841    15835
searching for 1320.000000 Hz
trying codepoint 4095 -> freq is 899.024597 Hz -> need to shift by +370
trying codepoint 4095 -> freq is 900.957275 Hz -> need to shift by +368
trying codepoint 4095 -> freq is 899.453613 Hz -> need to shift by +369
trying codepoint 4095 -> freq is 899.574951 Hz -> need to shift by +369
trying codepoint 4095 -> freq is 899.673828 Hz -> need to shift by +369
trying codepoint 4095 -> freq is 899.793030 Hz -> need to shift by +369
trying codepoint 4095 -> freq is 901.124146 Hz -> need to shift by +367
trying codepoint 4095 -> freq is 901.437744 Hz -> need to shift by +367
trying codepoint 4095 -> freq is 899.397461 Hz -> need to shift by +369
trying codepoint 4095 -> freq is 898.302246 Hz -> need to shift by +370
trying codepoint 4095 -> freq is 899.811035 Hz -> need to shift by +369
trying codepoint 4095 -> freq is 899.318787 Hz -> need to shift by +369
trying codepoint 4095 -> freq is 899.669312 Hz -> need to shift by +369
trying codepoint 4095 -> freq is 900.900879 Hz -> need to shift by +368
trying codepoint 4095 -> freq is 898.217041 Hz -> need to shift by +371
trying codepoint 4095 -> freq is 900.290405 Hz -> need to shift by +368
trying codepoint 4095 -> freq is 899.835815 Hz -> need to shift by +369
trying codepoint 4095 -> freq is 899.316467 Hz -> need to shift by +369
trying codepoint 4095 -> freq is 899.977478 Hz -> need to shift by +369
trying codepoint 4095 -> freq is 899.660400 Hz -> need to shift by +369
trying codepoint 4095 -> freq is 899.556946 Hz -> need to shift by +369
trying codepoint 4095 -> freq is 899.599670 Hz -> need to shift by +369
trying codepoint 4095 -> freq is 899.973022 Hz -> need to shift by +369
trying codepoint 4095 -> freq is 900.060730 Hz -> need to shift by +369
trying codepoint 4095 -> freq is 900.229553 Hz -> need to shift by +368
trying codepoint 4095 -> freq is 899.424377 Hz -> need to shift by +369
trying codepoint 4095 -> freq is 899.096375 Hz -> need to shift by +370
trying codepoint 4095 -> freq is 899.927979 Hz -> need to shift by +369
trying codepoint 4095 -> freq is 900.988831 Hz -> need to shift by +368
trying codepoint 4095 -> freq is 900.191284 Hz -> need to shift by +368
trying codepoint 4095 -> freq is 899.058228 Hz -> need to shift by +370
trying codepoint 4095 -> freq is 898.687866 Hz -> need to shift by +370
trying codepoint 4095 -> freq is 897.739929 Hz -> need to shift by +371
trying codepoint 4095 -> freq is 900.616943 Hz -> need to shift by +368
trying codepoint 4095 -> freq is 900.150757 Hz -> need to shift by +369
trying codepoint 4095 -> freq is 897.993042 Hz -> need to shift by +371
trying codepoint 4095 -> freq is 899.370422 Hz -> need to shift by +369
trying codepoint 4095 -> freq is 899.952759 Hz -> need to shift by +369
trying codepoint 4095 -> freq is 900.594421 Hz -> need to shift by +368
trying codepoint 4095 -> freq is 900.436707 Hz -> need to shift by +368
trying codepoint 4095 -> freq is 899.968506 Hz -> need to shift by +369
trying codepoint 4095 -> freq is 898.945984 Hz -> need to shift by +370
trying codepoint 4095 -> freq is 899.318787 Hz -> need to shift by +369
trying codepoint 4095 -> freq is 901.914307 Hz -> need to shift by +367
trying codepoint 4095 -> freq is 900.342102 Hz -> need to shift by +368
trying codepoint 4095 -> freq is 901.435547 Hz -> need to shift by +367
trying codepoint 4095 -> freq is 899.772827 Hz -> need to shift by +369
trying codepoint 4095 -> freq is 899.087463 Hz -> need to shift by +370
trying codepoint 4095 -> freq is 901.047424 Hz -> need to shift by +368
trying codepoint 4095 -> freq is 899.844727 Hz -> need to shift by +369
trying codepoint 4095 -> freq is 898.755188 Hz -> need to shift by +370
trying codepoint 4095 -> freq is 899.604187 Hz -> need to shift by +369
trying codepoint 4095 -> freq is 899.103149 Hz -> need to shift by +370
trying codepoint 4095 -> freq is 898.504028 Hz -> need to shift by +370
trying codepoint 4095 -> freq is 899.835815 Hz -> need to shift by +369
trying codepoint 4095 -> freq is 900.069702 Hz -> need to shift by +369
trying codepoint 4095 -> freq is 900.038208 Hz -> need to shift by +369
trying codepoint 4095 -> freq is 900.119263 Hz -> need to shift by +369
trying codepoint 4095 -> freq is 899.604187 Hz -> need to shift by +369
trying codepoint 4095 -> freq is 900.285889 Hz -> need to shift by +368
trying codepoint 4095 -> freq is 900.864868 Hz -> need to shift by +368
trying codepoint 4095 -> freq is 901.180542 Hz -> need to shift by +367
trying codepoint 4095 -> freq is 899.379395 Hz -> need to shift by +369
trying codepoint 4095 -> freq is 899.246887 Hz -> need to shift by +369
trying codepoint 4095 -> freq is 899.118896 Hz -> need to shift by +370
trying codepoint 4095 -> freq is 899.132324 Hz -> need to shift by +370
trying codepoint 4095 -> freq is 899.062744 Hz -> need to shift by +370
trying codepoint 4095 -> freq is 900.355591 Hz -> need to shift by +368
trying codepoint 4095 -> freq is 898.719360 Hz -> need to shift by +370
trying codepoint 4095 -> freq is 898.040039 Hz -> need to shift by +371
trying codepoint 4095 -> freq is 901.097107 Hz -> need to shift by +367
trying codepoint 4095 -> freq is 900.240784 Hz -> need to shift by +368
trying codepoint 4095 -> freq is 900.490784 Hz -> need to shift by +368
trying codepoint 4095 -> freq is 899.476074 Hz -> need to shift by +369
trying codepoint 4095 -> freq is 898.553345 Hz -> need to shift by +370
trying codepoint 4095 -> freq is 900.610229 Hz -> need to shift by +368
trying codepoint 4095 -> freq is 900.535828 Hz -> need to shift by +368
trying codepoint 4095 -> freq is 900.506531 Hz -> need to shift by +368
trying codepoint 4095 -> freq is 900.195801 Hz -> need to shift by +368
trying codepoint 4095 -> freq is 898.777710 Hz -> need to shift by +370
trying codepoint 4095 -> freq is 899.208679 Hz -> need to shift by +370
trying codepoint 4095 -> freq is 899.927979 Hz -> need to shift by +369
trying codepoint 4095 -> freq is 900.033691 Hz -> need to shift by +369
trying codepoint 4095 -> freq is 898.955017 Hz -> need to shift by +370
trying codepoint 4095 -> freq is 898.170044 Hz -> need to shift by +371
trying codepoint 4095 -> freq is 898.966187 Hz -> need to shift by +370
trying codepoint 4095 -> freq is 898.898865 Hz -> need to shift by +370
trying codepoint 4095 -> freq is 899.556946 Hz -> need to shift by +369
trying codepoint 4095 -> freq is 899.217651 Hz -> need to shift by +370
trying codepoint 4095 -> freq is 897.894409 Hz -> need to shift by +371
trying codepoint 4095 -> freq is 898.827026 Hz -> need to shift by +370
trying codepoint 4095 -> freq is 900.506531 Hz -> need to shift by +368
trying codepoint 4095 -> freq is 899.424377 Hz -> need to shift by +369
trying codepoint 4095 -> freq is 900.011230 Hz -> need to shift by +369
trying codepoint 4095 -> freq is 899.460327 Hz -> need to shift by +369
trying codepoint 4095 -> freq is 898.640808 Hz -> need to shift by +370
trying codepoint 4095 -> freq is 899.215454 Hz -> need to shift by +370
trying codepoint 4095 -> freq is 899.469299 Hz -> need to shift by +369
trying codepoint 4095 -> freq is 900.074219 Hz -> need to shift by +369
trying codepoint 4095 -> freq is 900.297119 Hz -> need to shift by +368
trying codepoint 4095 -> freq is 899.592957 Hz -> need to shift by +369
result: 899.592957 is at 4095
code point is 4095
done, took 901 measurements
4095      1      48660    30876     48962    30830     49772    30850     49208    30872     48350    30874     49768    30864     48928    30864     48674    30844     49690    30862     48836    30904     49216    30876     49572    30870     49084    30908     49098    30856     49636    30856     48368    30866     48890    30840     49626    30852     48734    30874     48578    30860     49820    30856     48146    30862     48630    30872     49618    30870     48912    30886     48680    30886     49416    30858     48954    30876     48536    30864     49334    30848     48808    30896     48996    30858     49828    30880     48866    30864     49116    30846     49272    30854     49004    30856     49038    30856     49674    30848     48684    30870     48972    30878     49224    30856     48596    30866     48994    30836     49754    30874     48850    30878     48392    30842     49376    30848     48476    30856     49076    30858     49042    30856     49082    30856     49196    30862     49532    30852     48134    30864     48518    30832     50018    30848     48508    30890     49010    30880     49642    30874     49002    30870     49172    30860     49604    30854     48230    30880     48594    30840     49908    30850     48852    30880     48994    30854     49628    30880     48566    30870     48498    30878     49534    30880     48746    30864     49030    30876     49690    30852     48744    30858     49114    30862     49558    30848     49404    30900     48990    30866     49612    30862     48720    30880     48922    30856     49642    30862     48948    30870     48558    30854     49892    30838     49212    30882     48370    30860     49790    30858     48674    30880     49486    30846     49690    30878     49234    30888     48978    30870     49774    30874     49042    30862     49368    30872     49618    30872     48204    30870     49724    30858     49780    30872     48304    30888     48842    30854     49964    30846     48866    30878     48722    30854     49968    30864     49234    30870     48728    30856     49658    30866     48466    30886     48502    30860     49860    30840     49006    30870     49282    30850     49416    30848     48778    30872     48972    30856     49868    30854     48442    30860     49156    30854     49770    30862     48994    30886     48804    30854     49656    30912     48834    30896     48828    30852     49660    30860     48458    30872     48816    30840     49674    30888     48938    30868     49128    30860     49722    30856     48274    30872     48528    30844     50040    30838     48372    30926     49108    30854     49688    30872     49100    30878     48618    30860     49474    30842     49330    30906     48388    30878     49820    30846     48334    30890     48528    30864     49516    30878     49136    30870     48944    30862     49716    30852     48812    30860     48540    30852     49668    30852     48874    30880     48612    30868     49638    30872     49180    30872     48480    30872     49720    30848     48754    30868     48444    30890     49780    30838     48840    30894     49148    30856     49620    30870     49108    30874     48912    30852     49692    30898     48716    30852     48956    30852     49740    30860     48782    30864     48984    30860     49648    30872     49162    30898     49418    30846     49726    30884     48270    30876     49082    30828     49730    30848     48900    30872     49078    30840     49696    30882     49188    30870     49132    30854     49754    30858     48180    30856     48654    30848     49892    30864     48892    30862     48564    30840     49788    30844     48702    30872     49080    30828     49936    30858     48722    30868     48520    30854     49832    30864     48586    30884     48976    30832     49756    30850     49136    30856     48978    30856     49748    30856     48380    30870     48486    30840     49890    30840     49042    30876     48746    30874     49388    30850     48410    30884     48672    30856     49698    30836     48738    30870     48706    30850     49748    30896     48790    30894     48648    30840     49210    30838     48962    30858     48956    30874     49812    30854     48920    30864     48766    30842     49746    30866     48906    30888     49188    30866     49684    30900     48364    30870     48700    30852     49582    30884     48538    30904     49050    30866     49634    30858     48992    30872     48564    30868     49790    30896     48626    30868     48656    30840     49838    30876     48772    30876     49066    30834     48766    30852     49556    30870     48346    30886     49804    30860     49344    30864     48508    30852     49312    30856     48832    30888     48682    30864     49768    30874     49024    30872     48392    30852     49762    30862     48844    30858     49016    30832     49740    30876     48796    30894     49042    30888     49642    30876     49048    30866     48968    30856     49746    30856     48842    30872     49026    30844     49592    30858     48858    30872     48676    30884     49682    30858     49074    30888     48948    30840     49730    30862     48880    30870     49328    30864     49698    30854     48848    30866     48898    30856     49758    30872     48988    30888     48466    30884     49464    30844     48938    30910     48882    30868     49686    30858     48854    30886     48752    30866     49620    30854     49020    30908     49088    30854     49586    30864     48894    30866     48934    30850     49694    30860     48666    30872     48916    30842     49170    30878     49050    30888     48968    30856     49738    30858     48894    30880     48530    30844     49786    30852     48738    30864     48708    30840     49712    30864     48970    30876     48466    30848     49762    30846     48882    30886     48944    30838     49668    30882     49034    30892     48600    30838     49718    30854     49010    30880     48386    30854     49690    30846     48954    30870     49174    30858     49682    30850     48892    30870     49134    30872     49284    30878     49600    30864     48274    30870     49924    30880     48804    30862     48606    30898     49808    30846     48780    30866     48602    30878     49794    30840     48860    30878     48984    30886     49672    30854     48536    30884     48730    30852     49774    30848     48948    30868     49184    30864     49624    30856     48346    30854     48632    30860     49708    30840     48962    30878     48868    30860     49650    30888     49012    30908     49024    30864     49586    30880     48882    30862     48876    30868     49940    30862     49224    30878     49060    30850     49762    30892     48838    30866     48948    30862     49450    30870     49292    30872     49732    30872     49624    30902     48238    30896     49106    30880     49660    30864     48872    30870     49164    30846     49714    30864     49098    30856     48412    30856     49568    30872     48930    30870     48920    30858     49644    30904     48878    30886     48958    30862     49596    30886     48972    30874     48532    30870     49578    30844     48510    30854     49018    30870     49674    30886     48700    30872     48762    30860     49450    30854     49442    30874     48540    30874     49830    30842     48922    30890     49106    30846     49520    30848     48658    30874     48702    30858     49618    30854     49044    30888     48894    30886     49644    30850     48920    30856     49018    30846     49664    30858     48920    30882     48944    30870     49588    30880     49300    30878     48378    30880     49650    30850     48980    30884     48894    30846     49786    30878     48924    30872     48730    30858     49236    30856     49312    30878     48386    30858     49674    30862     48948    30862     48712    30840     49790    30850     48794    30870     48708    30860     49656    30888     49064    30864     48954    30900     49674    30850     48946    30870     48660    30848     49814    30864     48792    30870     49276    30854     49598    30858     49120    30886     48388    30868     49634    30840     48940    30878     48978    30854     49724    30860     48912    30888     48932    30878     49604    30862     49074    30868     49006    30872     49608    30856     48932    30876     48938    30870     49770    30880     48626    30876     48844    30862     49728    30838     49176    30856     48408    30880     49828    30838     48852    30892     48606    30836     49832    30860     48916    30876     49008    30832     49668    30844     49300    30870     48292    30884     49970    30836     48834    30894     48998    30844     49672    30856     48930    30876     49084    30854     49672    30838     48996    30872     48258    30886     49686    30850     48402    30870     49078    30858     49818    30884     48932    30870     48778    30854     49704    30850     49302    30864     48294    30854     49824    30832     48504    30872     48802    30834     49860    30846     48842    30870     48956    30846     48872    30872     48924    30880     48948    30846     49690    30846     48626    30904     48800    30884     49780    30864     48954    30864     48788    30840     49666    30872     48856    30852     48510    30864     49732    30854     49016    30876     48988    30830     49434    30862     48668    30864     48286    30856     49778    30832     48778    30872     49052    30870     49542    30872     48688    30872     49288    30846     49636    30856     48564    30884     48210    30868     49770    30846     48890    30894     48978    30858     49620    30868     48954    30864     49088    30856     49600    30888     49120    30864     48192    30870     49664    30856     48828    30904     49032    30838     49698    30872     48852    30878     48854    30868     49762    30884     49110    30864     48810    30864     49626    30850     48892    30860     49040    30848     49658    30856     48970    30882     49004    30846     49660    30882     49056    30878     48236    30870     49820    30854     48780    30868     48978    30856     49682    30846     48868    30886     48986    30916     49876    30846     48534    30880     48314    30844     49116    30876     49310    30852     48394    30864     49884    30852     48936    30864     48858    30852     49818    30862     49108    30870     48668    30868     49632    30844     48916    30858     48984    30848     49674    30856     48810    30872     48794    30870     49840    30880     49178    30902     48216    30864     49640    30826     48890    30876     49082    30880     49696    30866     48960    30904     48842    30856     49676    30894     48418    30886     48400    30846     49674    30852     49026    30904     49120    30870     49590    30862     48586    30872     49356    30856     49714    30860     48266    30862     48988    30846     49666    30860     48912    30872     49072    30850     49780    30852     48836    30878     48672    30862     49928    30850     48954    30876     48724    30880     49650    30846     48802    30870     49020    30872     49690    30910     48810    30852     49698    30894     49628    30872     48376    30874     49436    30874     49510    30852     48890    30886     48998    30840     49772    30850     48876    30852     49054    30872     49722    30850     49176    30882     48852    30870     49542    30880     49466    30864     49524    30894     49554    30870     49744    30876     49788    30870     49620    30892     49776    30862     49288    30866     49824    30880     49372    30918     49410    30864     49814    30896     49462    30864     49618    30888     49698    30870     49216    30870     48242    30866     50106    30896     49104    30880     48700    30874     49794    30862     49096    30864     49242    30848     49830    30858     48164    30874     48506    30854     50164    30852     48474    30872     49084    30870     49784    30862     48808    30872     48596    30906     49522    30874     48768    30858     48626    30838     50042    30840     48990    30882     48460    30864     49984    30864     48850    30878     48602    30838     49548    30858     48746    30910     48654    30860     49720    30872     48466    30864     48534    30840     49658    30868     49160    30888     49416    30878     49468    30876     48730    30870     48504    30856     49824    30840     48740    30872     48948    30836     49596    30866     48540    30862     48504    30888     49834    30822     48738    30858     48842    30862     49686    30884     49058    30862     48730    30840     49702    30896     48322    30878     48676    30834     49804    30836     48794    30876     48868    30862     49748    30868     48788    30880     48550    30878     49764    30870     48832    30870     48458    30880     49884    30862     48720    30862     48798    30876     49418    30872     49026    30896     49196    30872     49664    30864     48840    30876     48982    30864     49460    30872     48826    30862     48902    30886     48626    30862     49394    30832     48342    30856     49754    30876     48932    30906     48976    30858     49498    30854     48536    30868     48766    30858     49746    30874     49068    30870     49052    30888     49714    30862     48928    30864     48922    30840     49626    30884     48898    30858     48968    30848     49564    30852     48992    30868     48356    30886     49786    30832     49212    30890     49104    30854     49546    30898     48594    30878     48836    30862     49860    30860     49266    30870     49422    30852     49626    30880     48888    30858     48958    30856     49620    30848     48578    30862     49042    30864     49626    30862     49042    30896     48418    30868     50064    30840     48418    30882     48768    30842     49996    30844     48778    30876     48654    30882     49792    30888     48970    30860     48546    30858     49794    30838     48902    30858     48664    30846     49714    30842     48530    30870     48836    30856     49666    30856     48972    30880     48432    30880     49720    30848     48896    30862     48996    30852     49690    30850     48894    30858     48954    30868     49518    30864     48960    30868     48346    30838     49836    30848     48932    30870     48646    30856     49706    30858     48796    30888     48582    30884     49652    30838     48970    30902     48510    30860     49650    30846     48528    30870     48858    30906     49802    30844     49020    30862     48366    30848     49810    30842     49118    30864     49012    30880     49692    30852     49306    30868     49008    30866     49652    30852     48876    30886     49004    30892     48934    30866     48964    30858     48966    30876     49690    30862     48410    30878     48922    30848     49734    30858     48808    30894     48732    30864     49796    30838     49124    30876     48426    30864     49804    30842     48944    30872     49018    30856     49668    30858     48994    30894     48926    30866     49570    30856     48754    30874     48912    30866     49674    30844     48874    30894     48820    30886     49784    30854     48788    30890     48328    30840     49764    30852     48866    30868     48616    30870     49858    30852     48856    30878     48800    30848     49752    30856     49298    30904     49226    30862     49742    30890     48842    30880     48304    30880     49684    30854     48972    30900     49152    30856     49748    30884     48756    30876     49174    30856     49634    30850     49182    30866     49158    30848     49712    30860     48522    30864     48802    30870     49716    30882     48932    30850     49170    30844     49576    30858     49386    30864     48378    30868     49706    30886     48832    30862     49160    30838     49784    30868     48840    30870     48682    30860     49744    30836     49032    30876     49094    30862     49698    30858     48388    30882     48754    30840     49702    30866     48680    30894     48464    30854     49760    30844     49154    30870     48396    30862     49818    30856     48922    30870     48730    30846     49720    30848     48890    30874     48438    30856     49752    30850     48786    30898     48624    30866     49664    30842     48672    30878     49130    30892     49690    30854     48698    30892     48370    30852     49712    30850     48824    30904     48878    30856     49712    30880     48812    30852     49034    30870     49540    30876     49588    30878     49428    30876     49624    30862     48808    30878     48974    30888     49716    30860     48864    30864     48960    30846     49704    30854     48970    30880
searching for 1760.000000 Hz
trying codepoint 4095 -> freq is 901.435547 Hz -> need to shift by +644
trying codepoint 4095 -> freq is 899.583984 Hz -> need to shift by +646
trying codepoint 4095 -> freq is 900.826477 Hz -> need to shift by +645
trying codepoint 4095 -> freq is 901.173767 Hz -> need to shift by +644
trying codepoint 4095 -> freq is 899.489502 Hz -> need to shift by +646
trying codepoint 4095 -> freq is 899.716553 Hz -> need to shift by +646
trying codepoint 4095 -> freq is 900.846802 Hz -> need to shift by +645
trying codepoint 4095 -> freq is 898.842773 Hz -> need to shift by +647
trying codepoint 4095 -> freq is 899.842529 Hz -> need to shift by +646
trying codepoint 4095 -> freq is 900.022522 Hz -> need to shift by +646
trying codepoint 4095 -> freq is 899.114380 Hz -> need to shift by +647
trying codepoint 4095 -> freq is 900.887390 Hz -> need to shift by +645
trying codepoint 4095 -> freq is 901.751648 Hz -> need to shift by +644
trying codepoint 4095 -> freq is 898.665466 Hz -> need to shift by +647
trying codepoint 4095 -> freq is 900.484009 Hz -> need to shift by +645
trying codepoint 4095 -> freq is 899.431091 Hz -> need to shift by +646
trying codepoint 4095 -> freq is 899.993286 Hz -> need to shift by +646
trying codepoint 4095 -> freq is 900.950439 Hz -> need to shift by +645
trying codepoint 4095 -> freq is 901.117432 Hz -> need to shift by +644
trying codepoint 4095 -> freq is 899.455811 Hz -> need to shift by +646
trying codepoint 4095 -> freq is 899.190735 Hz -> need to shift by +647
trying codepoint 4095 -> freq is 898.717102 Hz -> need to shift by +647
trying codepoint 4095 -> freq is 899.606384 Hz -> need to shift by +646
trying codepoint 4095 -> freq is 900.065247 Hz -> need to shift by +646
trying codepoint 4095 -> freq is 901.076782 Hz -> need to shift by +645
trying codepoint 4095 -> freq is 899.040283 Hz -> need to shift by +647
trying codepoint 4095 -> freq is 900.265564 Hz -> need to shift by +645
trying codepoint 4095 -> freq is 899.334473 Hz -> need to shift by +646
trying codepoint 4095 -> freq is 899.599670 Hz -> need to shift by +646
trying codepoint 4095 -> freq is 900.580933 Hz -> need to shift by +645
trying codepoint 4095 -> freq is 901.241455 Hz -> need to shift by +644
trying codepoint 4095 -> freq is 901.266235 Hz -> need to shift by +644
trying codepoint 4095 -> freq is 900.562805 Hz -> need to shift by +645
trying codepoint 4095 -> freq is 899.880737 Hz -> need to shift by +646
trying codepoint 4095 -> freq is 899.981995 Hz -> need to shift by +646
trying codepoint 4095 -> freq is 900.245300 Hz -> need to shift by +645
trying codepoint 4095 -> freq is 900.846802 Hz -> need to shift by +645
trying codepoint 4095 -> freq is 898.604858 Hz -> need to shift by +647
trying codepoint 4095 -> freq is 900.117065 Hz -> need to shift by +646
trying codepoint 4095 -> freq is 900.682312 Hz -> need to shift by +645
trying codepoint 4095 -> freq is 899.020081 Hz -> need to shift by +647
trying codepoint 4095 -> freq is 899.685120 Hz -> need to shift by +646
trying codepoint 4095 -> freq is 901.302429 Hz -> need to shift by +644
trying codepoint 4095 -> freq is 899.058228 Hz -> need to shift by +647
trying codepoint 4095 -> freq is 898.726074 Hz -> need to shift by +647
trying codepoint 4095 -> freq is 899.080688 Hz -> need to shift by +647
trying codepoint 4095 -> freq is 898.777710 Hz -> need to shift by +647
trying codepoint 4095 -> freq is 900.204773 Hz -> need to shift by +645
trying codepoint 4095 -> freq is 900.508789 Hz -> need to shift by +645
trying codepoint 4095 -> freq is 899.038025 Hz -> need to shift by +647
trying codepoint 4095 -> freq is 901.839722 Hz -> need to shift by +644
trying codepoint 4095 -> freq is 900.393921 Hz -> need to shift by +645
trying codepoint 4095 -> freq is 898.172241 Hz -> need to shift by +648
trying codepoint 4095 -> freq is 899.208679 Hz -> need to shift by +647
trying codepoint 4095 -> freq is 899.428833 Hz -> need to shift by +646
trying codepoint 4095 -> freq is 900.139526 Hz -> need to shift by +646
trying codepoint 4095 -> freq is 899.624390 Hz -> need to shift by +646
trying codepoint 4095 -> freq is 900.402893 Hz -> need to shift by +645
trying codepoint 4095 -> freq is 899.161499 Hz -> need to shift by +647
trying codepoint 4095 -> freq is 897.046509 Hz -> need to shift by +649
trying codepoint 4095 -> freq is 898.494995 Hz -> need to shift by +647
trying codepoint 4095 -> freq is 898.970642 Hz -> need to shift by +647
trying codepoint 4095 -> freq is 900.202576 Hz -> need to shift by +645
trying codepoint 4095 -> freq is 899.770569 Hz -> need to shift by +646
trying codepoint 4095 -> freq is 898.874146 Hz -> need to shift by +647
trying codepoint 4095 -> freq is 901.611633 Hz -> need to shift by +644
trying codepoint 4095 -> freq is 900.146240 Hz -> need to shift by +646
trying codepoint 4095 -> freq is 900.103516 Hz -> need to shift by +646
trying codepoint 4095 -> freq is 898.295532 Hz -> need to shift by +647
trying codepoint 4095 -> freq is 899.348022 Hz -> need to shift by +646
trying codepoint 4095 -> freq is 899.226685 Hz -> need to shift by +646
trying codepoint 4095 -> freq is 900.932495 Hz -> need to shift by +645
trying codepoint 4095 -> freq is 899.082947 Hz -> need to shift by +647
trying codepoint 4095 -> freq is 899.617676 Hz -> need to shift by +646
trying codepoint 4095 -> freq is 901.205383 Hz -> need to shift by +644
trying codepoint 4095 -> freq is 900.168762 Hz -> need to shift by +645
trying codepoint 4095 -> freq is 899.957275 Hz -> need to shift by +646
trying codepoint 4095 -> freq is 899.871765 Hz -> need to shift by +646
trying codepoint 4095 -> freq is 899.637939 Hz -> need to shift by +646
trying codepoint 4095 -> freq is 899.570435 Hz -> need to shift by +646
trying codepoint 4095 -> freq is 898.990845 Hz -> need to shift by +647
trying codepoint 4095 -> freq is 900.544800 Hz -> need to shift by +645
trying codepoint 4095 -> freq is 900.355591 Hz -> need to shift by +645
trying codepoint 4095 -> freq is 900.945984 Hz -> need to shift by +645
trying codepoint 4095 -> freq is 900.159790 Hz -> need to shift by +645
trying codepoint 4095 -> freq is 898.968445 Hz -> need to shift by +647
trying codepoint 4095 -> freq is 900.457031 Hz -> need to shift by +645
trying codepoint 4095 -> freq is 900.425415 Hz -> need to shift by +645
trying codepoint 4095 -> freq is 900.616943 Hz -> need to shift by +645
trying codepoint 4095 -> freq is 901.473938 Hz -> need to shift by +644
trying codepoint 4095 -> freq is 901.347534 Hz -> need to shift by +644
trying codepoint 4095 -> freq is 898.952698 Hz -> need to shift by +647
trying codepoint 4095 -> freq is 899.779602 Hz -> need to shift by +646
trying codepoint 4095 -> freq is 901.135376 Hz -> need to shift by +644
trying codepoint 4095 -> freq is 899.550232 Hz -> need to shift by +646
trying codepoint 4095 -> freq is 900.984375 Hz -> need to shift by +645
trying codepoint 4095 -> freq is 899.512024 Hz -> need to shift by +646
trying codepoint 4095 -> freq is 898.582458 Hz -> need to shift by +647
trying codepoint 4095 -> freq is 899.736877 Hz -> need to shift by +646
trying codepoint 4095 -> freq is 900.324097 Hz -> need to shift by +645
trying codepoint 4095 -> freq is 899.680664 Hz -> need to shift by +646
result: 899.680664 is at 4095
code point is 4095
done, took 901 measurements
4095      1      49588    30868     49036    30862     48954    30852     49672    30848     48990    30864     48954    30838     49764    30844     48772    30866     48984    30882     49644    30868     48904    30862     49052    30848     49536    30878     49374    30854     48354    30864     49932    30824     48948    30856     48662    30856     49724    30854     48724    30864     48662    30846     49796    30860     49282    30856     48852    30864     49552    30850     48964    30848     48746    30832     49530    30844     48964    30878     49050    30860     49470    30842     48898    30882     48458    30854     49698    30838     48888    30858     48748    30848     49692    30836     49120    30872     48922    30846     49720    30866     49306    30870     48454    30860     49780    30828     48882    30876     48772    30840     49402    30828     48724    30852     48294    30858     49650    30840     49012    30870     49016    30856     49570    30844     48898    30900     48986    30868     49092    30850     48570    30842     48346    30888     49700    30848     48840    30864     48410    30868     49270    30850     49110    30906     49162    30852     49410    30848     48832    30880     48730    30846     49234    30842     49002    30842     48840    30842     49774    30858     48804    30870     49152    30828     49108    30858     48512    30856     48626    30848     49672    30864     48990    30858     48980    30864     49628    30860     49056    30872     49114    30898     49500    30882     48842    30856     48858    30860     49498    30850     48970    30870     48852    30862     49730    30832     48382    30862     48420    30846     49448    30846     48908    30856     49054    30848     49594    30860     48912    30850     48988    30864     49704    30846     49108    30878     48952    30840     49872    30856     48842    30856     48916    30832     49468    30868     48984    30864     49190    30852     49780    30878     49122    30862     48582    30874     49764    30858     48342    30882     48542    30896     49602    30862     48480    30864     49370    30842     49508    30862     49104    30856     48268    30858     49810    30824     48802    30900     48968    30842     49880    30864     48930    30874     49326    30872     49654    30850     48258    30878     49112    30840     49504    30868     48858    30882     48928    30858     49486    30858     48992    30856     49032    30896     49608    30872     48156    30876     49056    30848     49446    30846     48476    30862     49064    30848     48996    30840     48518    30888     49352    30852     49744    30874     48834    30864     48986    30842     49250    30858     48790    30868     48924    30858     49602    30878     49028    30864     49386    30880     49488    30856     48490    30848     49036    30832     49494    30870     48586    30872     49356    30880     49212    30852     49052    30846     48904    30890     49578    30846     48346    30864     49052    30838     49558    30866     48628    30884     48914    30872     48924    30862     48536    30864     49498    30836     49430    30850     49012    30888     48900    30886     49552    30888     48874    30858     49196    30862     49100    30862     48540    30846     49018    30850     49538    30830     48826    30860     48436    30838     49800    30872     49116    30856     49246    30852     49482    30864     48922    30894     48894    30840     49644    30852     48902    30902     48900    30876     49606    30846     48972    30894     49190    30846     49434    30858     48376    30882     49412    30876     49484    30892     48372    30854     49138    30838     49676    30832     49102    30888     48594    30858     49698    30828     49178    30852     48938    30846     49764    30840     48342    30878     48838    30848     49250    30840     49164    30872     49152    30856     49472    30850     49572    30862     49536    30856     49046    30858     49002    30846     49018    30864     49714    30844     49244    30872     49228    30854     49740    30884     49074    30864     48904    30864     49630    30834     48508    30878     49024    30840     49782    30834     48866    30882     48908    30834     48778    30856     48576    30846     49194    30834     49490    30838     49166    30866     49144    30904     49068    30854     48924    30860     48826    30862     48770    30864     48892    30838     48966    30832     49594    30866     48342    30862     49144    30864     49274    30856     48712    30856     49260    30860     48996    30844     48634    30902     48974    30858     49626    30864     48926    30864     49476    30846     49772    30850     49044    30854     48430    30856     48706    30834     49004    30852     49050    30854     49628    30854     48960    30864     49100    30840     49608    30870     48250    30856     48866    30836     49516    30856     48868    30862     48920    30830     48786    30880     48650    30840     48312    30836     49926    30834     48488    30866     48930    30852     49476    30858     48906    30876     49114    30862     49548    30844     49064    30860     48892    30844     49656    30854     48820    30848     48968    30846     49530    30860     48914    30878     48472    30864     49752    30856     48432    30906     48356    30812     49868    30846     48882    30856     49084    30852     49074    30844     49060    30850     48496    30886     49912    30846     48610    30856     49256    30870     49664    30860     48874    30854     48816    30832     49396    30818     49436    30862     48972    30874     49948    30846     48838    30866     48244    30854     49866    30868     48610    30888     49026    30862     49768    30842     48926    30858     48498    30848     49696    30832     48348    30864     48606    30822     49840    30840     48868    30872     48770    30854     49064    30850     49040    30872     48280    30840     49964    30870     48428    30860     49116    30854     49572    30862     49212    30854     48788    30890     48814    30870     49162    30846     48416    30836     49760    30862     48868    30866     48972    30882     49588    30846     49088    30870     48400    30836     49484    30838     48772    30858     48542    30854     49618    30848     48794    30846     48482    30864     49618    30850     49108    30856     48914    30852     49538    30850     48822    30858     48750    30862     48540    30864     49172    30846     48994    30836     49650    30840     48850    30852     48956    30862     49362    30850     48778    30866     48796    30844     49746    30846     49010    30874     49176    30832     49612    30846     48924    30878     48598    30840     49612    30846     48824    30854     49392    30864     49480    30870     48984    30880     49124    30902     49610    30842     48730    30848     48960    30858     49652    30846     48762    30870     48788    30846     49626    30862     48972    30868     48506    30854     49938    30846     48816    30880     48980    30870     49362    30854     48572    30858     48844    30838     49752    30856     49372    30850     48268    30848     49682    30884     48140    30884     49130    30896     49636    30846     48676    30860     49354    30864     49612    30858     49072    30856     49064    30842     49746    30872     48258    30870     49146    30830     49806    30858     48828    30874     48790    30854     49016    30860     49156    30842     48146    30856     49728    30850     48926    30878     48632    30854     49626    30840     48852    30852     48582    30832     49338    30880     49514    30858     48866    30856     49690    30856     48844    30870     48948    30874     49780    30860     48834    30904     48924    30844     49624    30862     49066    30874     48796    30854     49516    30854     48920    30862     48658    30872     49674    30852     48900    30858     48728    30894     49010    30848     49290    30866     48424    30834     49740    30844     48968    30864     48802    30844     49748    30880     48818    30856     48386    30858     49724    30830     48868    30870     48896    30878     49584    30866     48810    30878     49010    30840     49434    30880     49394    30852     48370    30868     49738    30834     48952    30878     48794    30842     49628    30850     48938    30856     49058    30842     49040    30844     48876    30838     49186    30850     49066    30872     49010    30858     48976    30856     49522    30846     48764    30862     49044    30894     49618    30846     49150    30858     48686    30868     49676    30864     48900    30858     48918    30834     49650    30874     49082    30854     49434    30894     49568    30858     49066    30868     49496    30874     49628    30858     49066    30848     49090    30858     49380    30864     48844    30888     48722    30862     49644    30852     48800    30850     48738    30870     49730    30856     49488    30874     48392    30874     49648    30848     48492    30868     48950    30848     49890    30874     49042    30888     48412    30860     49114    30832     49566    30872     48330    30864     49906    30844     48834    30866     48498    30844     49314    30888     48490    30860     48924    30850     49632    30862     48876    30850     48644    30852     49488    30848     48700    30884     48700    30850     49866    30840     49182    30854     48172    30862     49712    30824     48818    30854     49106    30832     49336    30840     49012    30854     49158    30832     49612    30872     48818    30854     48794    30874     49386    30854     48898    30884     49084    30848     49430    30894     48672    30878     49194    30880     49684    30876     48492    30864     49026    30838     49324    30836     48930    30856     49006    30888     49394    30842     48964    30866     48268    30894     49782    30840     48864    30868     48794    30866     49498    30878     48988    30878     48866    30838     49490    30846     49088    30848     49016    30852     49538    30850     48976    30842     48892    30856     49430    30840     49000    30864     49016    30868     49228    30850     49150    30856     48992    30848     49510    30854     48900    30870     48882    30844     49568    30840     48964    30862     49060    30834     49580    30844     49060    30860     49018    30862     49616    30848     48930    30870     48332    30848     49662    30864     48506    30856     49164    30846     49658    30854     48208    30856     49044    30854     49736    30840     49098    30894     48600    30844     49522    30864     49188    30852     49284    30846     49640    30878     48824    30856     48912    30856     49898    30872     49066    30862     48872    30826     48952    30842     49100    30878     49514    30876     49370    30856     48400    30878     48458    30826     49648    30816     48812    30858     48910    30832     49634    30854     48488    30872     48968    30856     49606    30846     48420    30874     48746    30840     49798    30854     48924    30876     48834    30872     48892    30852     49216    30872     48980    30870     49602    30870     48876    30864     48490    30832     49540    30856     48792    30888     48874    30844     49384    30840     48622    30856     49458    30844     49530    30856     48314    30862     49138    30834     49598    30850     48964    30872     48912    30866     49648    30854     49088    30864     49372    30832     48964    30854     49134    30848     48378    30854     49664    30860     48836    30902     48770    30830     49564    30848     48338    30866     49296    30834     49524    30846     48570    30878     49276    30856     49546    30854     49160    30868     49114    30862     49372    30860     48412    30860     49090    30840     49566    30864     48786    30874     49032    30858     48924    30888     49230    30862     49138    30870     49442    30856     49154    30856     48882    30850     49724    30854     48910    30858     48996    30878     49684    30850     49122    30872     49128    30848     49354    30868     48348    30864     49428    30846     49502    30848     48772    30870     48940    30840     49842    30854     49024    30870     48640    30852     48906    30854     48994    30868     49540    30816     49786    30860     49182    30850     48968    30862     49008    30886     48886    30840     48622    30854     49536    30842     48898    30856     49026    30830     49524    30836     48240    30852     49076    30836     49682    30872     49106    30862     48958    30886     49482    30884     48444    30864     49342    30860     49574    30844     48378    30874     49190    30842     49690    30884     49084    30860     48346    30852     49382    30834     48770    30896     49164    30882     48716    30870     48992    30860     49236    30864     49570    30852     48408    30858     48496    30830     49596    30850     48580    30856     49116    30830     49588    30834     49090    30862     48594    30842     49696    30834     48396    30900     48476    30826     49636    30846     48858    30886     49098    30834     49570    30850     48912    30858     48522    30856     49746    30840     49092    30858     48948    30868     49398    30856     48820    30870     48966    30886     49614    30834     48258    30910     49116    30852     49456    30840     48574    30848     48866    30846     49524    30838     48916    30876     49214    30850     49504    30842     48768    30864     48498    30832     49642    30860     48778    30882     48834    30840     49434    30848     48974    30892     49192    30840     49562    30864     48770    30884     48882    30856     49644    30846     48890    30860     49140    30852     49532    30848     49068    30850     48482    30836     49848    30864     48220    30872     48698    30828     49772    30844     48890    30878     49094    30842     49114    30874     48308    30854     48386    30852     50106    30868     48920    30882     48956    30848     48806    30856     49194    30838     49420    30854     49458    30862     48954    30870     49076    30856     49894    30862     48154    30866     48600    30834     49734    30842     48988    30870     49162    30880     49852    30846     48756    30846     48460    30846     49404    30828     48728    30848     48844    30852     48842    30868     49706    30852     49128    30882     49032    30862     48888    30882     48484    30852     50004    30852     48632    30896     48764    30830     49734    30858     48498    30844     48498    30832     49386    30838     48880    30914     48718    30860     49596    30854     48912    30872     48540    30852     49632    30832     48948    30862     48906    30840     49780    30844     48500    30870     48900    30838     48596    30838     49200    30856     49066    30852     49508    30880     49354    30862     48864    30840     49564    30830     48876    30856     48886    30838     49370    30846     49214    30854     49458    30844     49146    30846     48956    30858     48482    30856     49740    30860     48572    30864     48816    30844     49850    30868     49008    30864     48386    30832     49436    30838     48898    30910     49234    30870     49596    30854     48876    30870     48996    30836     49660    30846     49044    30876     49252    30832     49698    30846     48954    30864     48980    30838     49678    30838     48908    30874     48892    30858     49608    30858     48698    30880     49362    30854     49796    30838     48860    30868     48536    30848     49748    30842     48498    30874     48736    30848     49604    30856     49092    30894     49124    30858     49832    30856     48754    30872     48586    30868     49666    30864     48898    30884     48876    30860     49696    30856     49402    30840     48418    30870     49408    30840     48932    30848     48608    30838     49978    30840     48522    30858     48814    30830     48850    30852     49532    30846     48300    30860     49664    30860     48864    30846     48820    30868     49572    30872     48962    30886     48618    30844     48698    30872     48824    30842     48954    30854     49634    30844     48638    30876     48994    30852     49442    30832     49140    30850     49036    30860     49558    30864     49090    30886     48348    30872     49244    30838     48984    30864     49056    30854     49200    30844     49178    30856     49084    30864     49402    30854     49292    30850     48482    30848     49626    30860     48940    30866     48934    30840     49684    30854     48494    30860     48240    30864     49754    30856
   0     75      29599    27955     29603    28003     29584    28028     29614    27996     29596    28029
2048      9      26666    26858     26675    26888     26658    26893     26670    26877     26663    26894
1024     25      29685    29108     29685    29136     29685    29127     29682    29174     29694    29145
3072      3      31629    26092     31673    26073     31850    26073     31623    26079     31810    26057
 512     43      30008    29161     29966    29168     29992    29189     29992    29145     29962    29176
2560      5      28627    27623     28617    27624     28612    27624     28627    27620     28595    27628
1536     15      27887    28078     27913    28128     27876    28126     27906    28130     27887    28166
3584      2      31040    21177     31223    21323     31640    21319     31322    21336     30885    21328
 256     55      30818    29564     30783    29750     30835    29720     30822    29686     30787    29708
2304      7      26397    26134     26380    26143     26395    26151     26395    26153     26395    26156
1280     20      28155    27708     28149    27706     28146    27728     28173    27727     28165    27708
3328      3      25948    19416     26107    19398     25840    19400     25699    19386     25723    19389
 768     33      29687    29059     29711    29103     29712    29079     29705    29092     29699    29079
2816      4      29087    26080     28895    26074     28922    26070     29020    26060     28881    26068
1792     12      25979    26692     25973    26678     25986    26667     25977    26672     25969    26675
3840      2      24153    15383     24260    15410     24782    15413     24474    15425     24526    15403
 128     64      30399    28984     30393    29036     30386    29068     30354    29076     30376    29089
2176      8      26363    26323     26350    26348     26358    26339     26362    26341     26367    26351
