174     62      39464    42514     39468    42505     39469    42510     39469    42519     39473    42507
2222      5      32 670     32      39340    40617     39384    40568     39333    40610     39390    40571     39325    40598
2718      3      28751    28328     28745    28333     28742    28326     28756    28322     28752    28326
1694      9      36019    36032     36061    35997     35998    36019     36046    36013     36028    36000
3742      1      24342    23752     24350    23754     24342    23756     24340    23756     24354    23762
 414     45      39457    44456     39468    41359     39476    41358     39477    41360     39463    41366
2462      4      29918    29569     29912    29572     29900    29571     29889    29575     29896    29571
1438     12      37911    38056     37834    38045     37923    38050     37842    38061     37924    38032
3486      1      33048    32280     33044    32266     33052    32264     33050    32264     33050    32252
 926     23      38871    39594     38858    39590     38839    39577     38812    39557     38795    39539
2974      2      31246    30647     31243    30656     31237    30653     31239    30658     31225    30660
1950      6      38660    38508     38643    38515     38678    38510     38698    38493     38651    38507
3998      1      18008    17508     18012    17504     18008    17508     18016    17518     18006    17512
  94     69      39608    49303     39568    42837     39548    42767     39624    42824     39539    42833
2142      5      36119    35905     36143    35894     36162    35876     36147    35890     36122    35900
1118     18      38442    38885     38485    38919     38470    38941     38419    38914     38379    38874
3166      2      24571    24045     24568    24055     24564    24046     24558    24039     24565    24039
 606     35      39178    40576     39201    40598     39233    40569     39179    40574     39204    40591
2654      3      31168    30735     31164    30742     31155    30738     31164    30731     31170    30736
1630      9      39182    39198     39162    39176     39155    39214     39202    39171     39128    39208
3678      1      26222    25592     26222    25592     26208    25586     26218    25592     26212    25582
 350     49      39479    41614     39501    41570     39479    41557     39460    41605     39497    41574
2398      4      32440    32104     32445    32091     32460    32106     32444    32106     32431    32115
1374     13      38011    38222     37942    38196     38029    38196     37961    38230     37988    38182
3422      1      35782    34954     35786    34954     35792    34972     35796    34952     35774    34962
 862     25      38886    39758     38850    39712     38861    39720     38919    39727     38955    39783
2910      2      33846    33232     33843    33234     33858    33247     33855    33248     33857    33241
1886      7      36007    35862     35969    35884     35998    35875     36025    35852     35973    35878
3934      1      19400    18854     19396    18868     19386    18864     19378    18874     19388    18862
 222     57      40260    42931     40321    42975     40349    43014     40329    43018     40282    43007
2270      4      38252    37937     38268    37934     38290    37926     38280    37932     38254    37937
1246     15      38862    39264     38864    39212     38940    39248     38877    39273     38842    39205
3294      2      20963    20497     20961    20486     20953    20491     20957    20489     20955    20490
 734     29      39857    40979     39784    40930     39872    40933     39822    40966     39818    40909
2782      2      39756    39127     39760    39130     39754    39130     39761    39118     39775    39128
1758      8      37246    37147     37190    37176     37230    37174     37239    37149     37189    37184
3806      1      22550    21974     22526    21974     22526    21962     22526    21960     22518    21980
 478     41      39712    41442     39715    41432     39718    41442     39717    41442     39718    41451
2526      3      36708    36272     36698    36278     36697    36264     36715    36269     36716    36266
1502     11      37979    38076     37913    38059     37984    38075     37916    38062     37988    38075
3550      1      30542    29812     30532    29800     30532    29806     30534    29806     30552    29814
 990     21      38988    39651     38986    39651     38984    39649     38977    39643     38977    39641
3038      2      28829    28256     28821    28257     28823    28256     28817    28254     28826    28254
2014      6      35540    35376     35562    35370     35579    35366     35540    35375     35545    35374
4062      1      16730    16250     16736    16268     16722    16250     16716    16258     16732    16268
  62     73      38861    42227     38927    42263     38882    42234     38918    42294     38905    42238
2110      5      37583    37337     37600    37327     37565    37341     37556    37344     37581    37336
1086     19      37848    38388     37817    38347     37805    38336     37839    38344     37884    38363
3134      2      25527    24978     25528    24992     25520    24981     25514    24980     25508    24981
 574     37      38605    39990     38573    39998     38569    40019     38599    39996     38609    39991
2622      3      32412    31964     32423    31974     32416    31975     32401    31972     32397    31979
1598     10      36631    36726     36694    36689     36619    36709     36682    36704     36631    36693
3646      1      27188    26530     27196    26544     27192    26526     27190    26530     27184    26524
 318     50      40227    42559     40230    42483     40218    42557     40249    42493     40210    42575
2366      4      33748    33438     33746    33429     33759    33429     33771    33422     33784    33427
1342     13      39460    39765     39458    39701     39515    39749     39438    39731     39514    39720
3390      1      37238    36386     37236    36388     37248    36396     37258    36396     37256    36412
 830     26      38893    50340     38973    39836     38989    39883     38931    39863     38890    39809
2878      2      35194    34576     35184    34590     35171    34570     35178    34582     35184    34575
1854      7      37427    37362     37462    37345     37481    37327     37430    37348     37457    37343
3902      1      20110    19544     20088    19566     20098    19570     20092    19572     20096    19570
 190     60      39891    42651     39896    42644     39880    42647     39869    42626     39848    42619
2238      5      31852    31592     31866    31580     31864    31592     31839    31591     31834    31598
1214     16      37944    38304     37882    38291     37867    38234     37953    38268     37923    38301
3262      2      21767    21281     21769    21287     21772    21288     21766    21291     21769    21289
 702     31      38724    39913     38785    39884     38743    39927     38756    39861     38763    39920
2750      3      27579    27148     27572    27150     27568    27151     27566    27159     27558    27144
1726      8      38710    38674     38738    38719     38776    38686     38710    38709     38748    38710
3774      1      23418    22838     23416    22848     23408    22836     23406    22852     23410    22848
 446     44      38497    40263     38499    40249     38501    40242     38501    40244     38504    40229
2494      3      38218    37770     38218    37771     38234    37759     38239    37770     38224    37774
1470     12      36220    36332     36159    36315     36223    36325     36157    36311     36229    36325
3518      1      31738    30972     31746    30994     31742    30998     31746    30988     31748    30992
 958     22      38773    43789     38773    39443     38768    39445     38759    39442     38754    39425
3006      2      29985    29385     29982    29395     29972    29400     29974    29389     29962    29384
1982      6      37047    36835     37011    36844     36998    36862     37032    36847     37051    36829
4030      1      17350    16848     17348    16860     17332    16852     17344    16854     17336    16864
 126     65      40345    43549     40342    43483     40434    43520     40438    43564     40362    43511
2174      5      34732    34509     34739    34495     34754    34493     34775    34483     34751    34494
1150     17      39184    39614     39122    39607     39077    39553     39097    39542     39174    39582
3198      2      23658    23138     23665    23146     23661    23144     23664    23152     23661    23152
 638     34      38787    40111     38827    40055     38761    40092     38821    40084     38771    40057
2686      3      29974    29542     29981    29547     29981    29544     29992    29545     29994    29550
1662      9      37702    37658     37634    37687     37691    37673     37658    37668     37665    37693
3710      1      25286    24684     25288    24676     25292    24690     25286    24686     25288    24686
 382     47      39558    41639     39575    41633     39601    41603     39581    41597     39564    41628
2430      4      31177    30848     31168    30851     31166    30843     31177    30843     31182    30839
1406     13      36564    36722     36575    36778     36526    36727     36601    36754     36520    36755
3454      1      34402    33594     34402    33594     34388    33594     34388    33594     34390    33594
 894     24      38945    43682     38990    39753     38992    39767     38960    39753     38919    39729
2942      2      32572    31960     32564    31960     32550    31958     32544    31960     32543    31963
1918      7      34573    34468     34582    34469     34623    34451     34596    34464     34569    34477
3966      1      18718    18178     18708    18198     18704    18194     18700    18184     18694    18188
 254     55      40185    64866     40130    42731     40103    42663     40191    42677     40174    42741
2302      4      36782    36449     36788    36439     36807    36444     36778    36447     36762    36457
1278     15      37393    37745     37405    37697     37474    37742     37396    37742     37401    37688
3326      1      40372    39438     40372    39452     40366    39454     40350    39448     40348    39452
 766     28      39724    40759     39643    40720     39695    40685     39729    40760     39640    40712
2814      2      38233    37614     38226    37615     38219    37605     38222    37609     38230    37605
1790      8      35763    35703     35802    35683     35739    35701     35770    35701     35798    35680
3838      1      21714    21150     21702    21152     21694    21140     21702    21152     21700    21142
 510     40      39145    53046     39159    40751     39153    40757     39148    40747     39140    40758
2558      3      35268    34829     35271    34817     35289    34823     35282    34828     35262    34830
1534     11      36496    36555     36470    36600     36514    36555     36462    36597     36522    36550
3582      1      29384    28666     29380    28672     29374    28674     29382    28686     29382    28674
1022     20      39390    49554     39422    40013     39439    40027     39443    40038     39454    40045
3070      2      27733    27166     27728    27160     27735    27169     27745    27175     27742    27178
2046      6      34164    33951     34169    33955     34136    33964     34140    33961     34160    33958
4094      1      16140    15680     16128    15686     16132    15670     16136    15684     16132    15686
   1     77      40167    43953     40149    43937     40139    43948     40165    43961     40180    43947
2049      6      33992    33833     34007    33827     34030    33819     34033    33820     33991    33830
1025     20      39215    40546     39196    39831     39189    39821     39180    39808     39184    39810
3073      2      27618    27066     27615    27058     27608    27068     27601    27061     27604    27048
 513     40      38991    40581     38985    40578     38982    40585     38983    40577     38989    40576
2561      3      35123    34701     35121    34691     35132    34689     35133    34688     35142    34680
1537     11      36361    36433     36311    36416     36351    36434     36322    36405     36342    36446
3585      1      29272    28580     29256    28556     29272    28566     29254    28556     29258    28558
 257     55      40006    58594     40011    42544     39947    42484     39986    42459     40031    42538
2305      4      36636    36299     36659    36293     36646    36304     36623    36306     36617    36304
1281     15      37264    37606     37238    37540     37328    37570     37266    37600     37236    37541
3329      1      40220    39306     40214    39304     40198    39298     40188    39288     40190    39292
 769     28      39566    40588     39478    40549     39536    40524     39567    40582     39480    40543
2817      2      38074    37458     38069    37456     38062    37449     38068    37449     38070    37452
1793      8      35615    35554     35660    35532     35598    35552     35618    35557     35658    35534
3841      1      21618    21046     21630    21074     21602    21056     21608    21052     21618    21072
 129     65      40269    64088     40218    43346     40170    43273     40227    43271     40289    43349
2177      5      34634    34354     34612    34358     34592    34369     34600    34358     34613    34351
1153     17      38919    39389     38936    39383     39011    39419     39023    39452     38960    39434
3201      2      23551    23043     23551    23041     23548    23043     23558    23049     23555    23045
 641     33      39819    41097     39786    41137     39844    41099     39769    41095     39824    41125
2689      3      29866    29434     29854    29434     29864    29440     29850    29434     29849    29428
1665      9      37484    37551     37555    37516     37487    37514     37519    37532     37535    37500
3713      1      25198    24588     25198    24590     25184    24586     25192    24586     25182    24574
 385     47      39416    41423     39435    41409     39405    41414     39394    41457     39417    41434
2433      4      31038    30718     31053    30724     31057    30722     31074    30714     31066    30715
1409     12      39399    39652     39497    39634     39420    39679     39464    39623     39451    39682
3457      1      34258    33456     34266    33462     34260    33448     34254    33460     34262    33460
 897     24      38807    47216     38783    39587     38747    39558     38720    39531     38718    39516
2945      2      32427    31833     32426    31838     32414    31829     32425    31838     32430    31837
1921      7      34442    34329     34478    34315     34460    34315     34434    34339     34459    34320
3969      1      18636    18102     18624    18118     18632    18118     18622    18122     18634    18128
  65     73      38740    41984     38745    42036     38746    42011     38750    42029     38766    41994
2113      5      37442    37175     37438    37176     37406    37179     37405    37179     37430    37179
1089     19      37691    38217     37656    38172     37643    38148     37673    38158     37721    38186
3137      2      25418    24878     25425    24886     25423    24883     25419    24881     25415    24884
 577     37      38439    39780     38395    39789     38411    39802     38441    39787     38423    39784
2625      3      32282    31836     32284    31831     32296    31840     32288    31844     32273    31842
1601     10      36459    36546     36524    36538     36467    36527     36500    36548     36500    36517
3649      1      27068    26418     27072    26422     27068    26418     27084    26426     27080    26424
 321     50      40026    42281     40081    42281     40045    42255     40063    42307     40061    42262
2369      4      33638    33283     33629    33287     33615    33289     33608    33293     33619    33285
1345     13      39292    39519     39351    39573     39266    39556     39351    39538     39304    39583
3393      1      37076    36242     37070    36236     37070    36222     37074    36236     37074    36226
 833     26      38721    39642     38724    39627     38798    39650     38819    39698     38758    39678
2881      2      35056    34438     35056    34438     35043    34436     35037    34442     35028    34432
1857      7      37295    37177     37271    37202     37306    37177     37312    37163     37272    37193
3905      1      20042    19480     20030    19488     20030    19494     20020    19494     20022    19500
 193     60      39614    42339     39616    42338     39626    42336     39649    42344     39669    42378
2241      5      31732    31463     31710    31466     31706    31461     31725    31459     31740    31451
1217     16      37712    38066     37800    38096     37764    38133     37702    38083     37753    38073
3265      2      21706    21215     21702    21215     21702    21217     21697    21216     21698    21215
 705     31      38596    39660     38607    39723     38572    39657     38630    39715     38554    39674
2753      3      27454    27036     27458    27037     27466    27041     27468    27046     27463    27035
1729      8      38564    38646     38622    38523     38553    38542     38582    38548     38602    38516
3777      1      23330    22760     23342    22772     23326    22772     23318    22754     23318    22758
 449     42      40150    41975     40162    41956     40167    41947     40167    41944     40167    41946
2497      3      38068    37616     38089    37605     38088    37624     38066    37626     38059    37625
1473     12      36001    36182     36085    36172     36005    36184     36081    36159     36011    36186
3521      1      31630    30880     31624    30864     31620    30872     31618    30874     31624    30874
 961     22      38581    48292     38595    39266     38605    39268     38611    39279     38617    39291
3009      2      29860    29261     29861    29275     29848    29275     29847    29268     29864    29267
1985      6      36868    36700     36900    36689     36879    36692     36852    36708     36878    36695
4033      1      17282    16790     17278    16796     17280    16798     17280    16796     17276    16794
  33     73      40533    50513     40592    44199     40608    44185     40538    44184     40583    44196
2081      5      39055    38855     39065    38839     39088    38832     39098    38829     39063    38843
1057     20      37427    37962     37449    37974     37480    37995     37515    38011     37531    38031
3105      2      26481    25930     26484    25926     26499    25938     26499    25945     26493    25947
 545     38      39159    40693     39178    40685     39197    40679     39177    40673     39156    40689
2593      3      33666    33225     33672    33228     33670    33220     33682    33220     33677    33227
1569     10      38150    38254     38220    38252     38152    38242     38203    38263     38185    38234
3617      1      28148    27470     28154    27478     28152    27470     28156    27484     28154    27470
 289     52      40354    42771     40334    42688     40396    42751     40322    42718     40401    42727
2337      4      35094    34746     35119    34760     35092    34761     35082    34766     35073    34756
1313     14      38146    38467     38168    38419     38215    38472     38139    38457     38196    38431
3361      1      38624    37744     38628    37742     38640    37758     38646    37766     38632    37750
 801     27      39167    40085     39123    40094     39067    40034     39125    40028     39164    40089
2849      2      36538    35899     36548    35909     36550    35926     36537    35917     36527    35920
1825      7      38987    38854     38931    38874     38969    38864     38994    38846     38936    38868
3873      1      20816    20250     20812    20260     20804    20266     20806    20260     20804    20270
 161     62      40186    43132     40207    43131     40238    43128     40260    43161     40282    43176
2209      5      33148    32868     33154    32881     33127    32883     33119    32884     33134    32877
1185     17      37203    37569     37258    37604     37210    37618     37162    37573     37192    37560
3233      2      22614    22109     22613    22113     22607    22111     22611    22113     22593    22102
 673     32      39127    40373     39201    40386     39130    40366     39198    40391     39137    40366
2721      3      28625    28205     28634    28205     28637    28208     28633    28198     28651    28205
1697      9      35880    35855     35862    35841     35848    35864     35903    35832     35837    35854
3745      1      24272    23680     24268    23680     24264    23682     24266    23670     24250    23676
 417     45      39280    49776     39278    41134     39273    41156     39270    41175     39271    41169
2465      3      39692    39251     39685    39265     39692    39247     39706    39253     39707    39242
1441     12      37732    37851     37692    37898     37707    37843     37710    37891     37683    37847
3489      1      32944    32162     32930    32154     32932    32136     32942    32168     32928    32162
 929     23      38651    39370     38627    39362     38612    39345     38596    39329     38589    39321
2977      2      31109    30513     31114    30526     31107    30532     31099    30526     31097    30523
1953      6      38479    38342     38492    38338     38528    38323     38508    38331     38481    38354
4001      1      17966    17454     17952    17448     17948    17446     17946    17448     17952    17460
  97     69      39382    57380     39401    42587     39458    42662     39367    42623     39444    42607
2145      5      36013    35740     36013    35748     35982    35752     35976    35752     36001    35748
1121     18      38235    38735     38230    38711     38277    38723     38324    38762     38316    38789
3169      2      24472    23950     24474    23952     24476    23959     24470    23952     24478    23954
 609     35      39073    40382     39013    40407     39052    40412     39074    40386     39018    40416
2657      3      31037    30615     31047    30610     31052    30613     31051    30610     31062    30611
1633      9      39045    39020     38977    39051     39049    39037     38986    39029     39016    39050
3681      1      26138    25520     26116    25500     26114    25490     26122    25498     26106    25488
 353     49      39294    41480     39344    41432     39306    41413     39312    41463     39347    41425
2401      4      32318    31985     32334    31974     32336    31989     32317    31988     32306    31987
1377     13      37884    38077     37802    38063     37888    38048     37829    38091     37837    38027
3425      1      35662    34836     35664    34840     35660    34830     35660    34838     35656    34826
 865     25      38750    39606     38705    39560     38703    39551     38755    39570     38800    39612
2913      2      33732    33117     33724    33117     33722    33115     33727    33119     33738    33124
1889      7      35883    35721     35836    35742     35858    35741     35892    35722     35854    35732
3937      1      19320    18776     19326    18796     19322    18788     19326    18806     19326    18800
 225     57      40192    42839     40175    42845     40128    42809     40104    42771     40139    42775
2273      4      38136    37802     38119    37814     38112    37808     38134    37801     38143    37793
1249     15      38768    39077     38796    39122     38720    39100     38732    39056     38805    39099
3297      2      20889    20414     20883    20413     20887    20415     20881    20411     20883    20411
 737     29      39648    40757     39728    40797     39650    40786     39710    40764     39697    40826
2785      2      39637    38990     39624    38992     39607    38985     39606    38993     39598    38989
1761      8      37062    37051     37112    37020     37072    37021     37069    37040     37119    37013
3809      1      22430    21860     22448    21880     22448    21894     22448    21888     22446    21902
 481     41      39560    41276     39562    41278     39559    41276     39559    41289     39560    41288
2529      3      36576    36131     36579    36134     36582    36126     36594    36134     36588    36140
1505     11      37824    37912     37798    37951     37826    37903     37798    37952     37831    37907
3553      1      30430    29700     30438    29690     30430    29688     30434    29704     30444    29702
 993     21      38920    39548     38915    39538     38908    39537     38906    39541     38899    39535
3041      2      28720    28141     28727    28160     28730    28157     28718    28152     28724    28155
2017      6      35430    35243     35454    35230     35412    35237     35406    35249     35432    35237
4065      1      16680    16200     16676    16216     16670    16206     16664    16206     16672    16202
  17     77      39364    43017     39349    43009     39372    43000     39401    42997     39405    42972
2065      6      33310    33086     33277    33095     33268    33105     33293    33094     33320    33080
1041     20      38378    38929     38395    38951     38410    38954     38407    38966     38390    38957
3089      2      27057    26505     27054    26499     27054    26498     27052    26501     27060    26497
 529     39      39057    40640     39066    40640     39075    40622     39084    40624     39094    40625
2577      3      34419    33963     34406    33964     34392    33962     34386    33966     34381    33952
1553     10      39039    39125     39099    39160     39044    39142     39086    39162     39060    39136
3601      1      28706    28010     28716    28020     28706    28020     28708    28026     28710    28010
 273     55      39019    41423     39102    41455     39051    41478     39034    41430     39108    41480
2321      4      35863    35525     35881    35520     35865    35528     35853    35527     35842    35530
1297     14      39028    39372     39030    39306     39100    39357     39019    39364     39044    39310
3345      1      39414    38522     39418    38518     39422    38520     39416    38524     39402    38516
 785     28      38569    39542     38653    39585     38621    39619     38565    39553     38641    39574
2833      2      37294    36671     37293    36671     37293    36664     37309    36671     37318    36688
1809      8      34880    34756     34831    34772     34838    34776     34883    34754     34831    34770
3857      1      21214    20646     21212    20662     21218    20656     21216    20668     21210    20662
 145     65      39297    42232     39253    42204     39246    42165     39284    42182     39329    42211
2193      5      33874    33610     33888    33606     33859    33610     33851    33621     33863    33604
1169     17      38061    38460     38129    38496     38112    38530     38055    38499     38039    38455
3217      2      23081    22580     23084    22570     23073    22572     23075    22574     23077    22580
 657     33      38902    40116     38873    40092     38887    40143     38902    40108     38879    40145
2705      3      29246    28812     29236    28823     29235    28816     29236    28812     29241    28816
1681      9      36667    36704     36717    36660     36652    36686     36700    36683     36681    36662
3729      1      24714    24120     24732    24130     24726    24130     24722    24126     24722    24126
 401     45      40215    42188     40199    42203     40210    42188     40219    42178     40234    42163
2449      4      30411    30074     30415    30066     30425    30071     30415    30072     30404    30076
1425     12      38555    38763     38576    38709     38573    38764     38541    38709     38601    38749
3473      1      33584    32794     33576    32800     33580    32794     33586    32796     33582    32792
 913     23      39565    40341     39538    40316     39512    40294     39488    40277     39476    40268
2961      2      31759    31158     31748    31165     31750    31163     31750    31169     31744    31156
1937      6      39308    39186     39339    39177     39366    39157     39317    39170     39319    39176
3985      1      18288    17770     18286    17780     18280    17778     18280    17776     18276    17780
  81     69      40147    43485     40226    43533     40141    43510     40243    43521     40156    43531
2129      5      36681    36469     36704    36449     36724    36442     36712    36451     36687    36458
1105     18      39014    39491     39067    39521     39073    39545     39029    39536     38988    39510
3153      2      24941    24414     24931    24406     24936    24410     24928    24406     24941    24408
 593     36      38740    40057     38697    40057     38696    40088     38732    40066     38709    40055
2641      3      31658    31217     31653    31211     31670    31210     31669    31226     31657    31214
1617     10      35761    35815     35796    35832     35800    35809     35775    35842     35831    35804
3665      1      26596    25954     26598    25954     26596    25958     26586    25948     26578    25948
 337     50      39257    41418     39296    41419     39281    41365     39274    41436     39315    41395
2385      4      32953    32616     32973    32610     32963    32624     32953    32624     32940    32629
1361     13      38610    38790     38537    38816     38572    38769     38579    38815     38522    38775
3409      1      36348    35516     36340    35502     36350    35502     36346    35514     36348    35510
 849     25      39510    40368     39567    40410     39564    40437     39508    40406     39470    40364
2897      2      34363    33756     34365    33767     34358    33766     34363    33760     34372    33763
1873      7      36542    36572     36566    36451     36601    36433     36554    36441     36549    36454
3921      1      19676    19124     19664    19140     19662    19134     19660    19130     19660    19136
 209     60      38904    52652     38880    41551     38851    41520     38831    41498     38843    41485
2257      4      38867    38554     38850    38555     38869    38544     38876    38532     38900    38534
1233     16      36981    37328     37066    37353     37040    37392     36982    37350     37032    37342
3281      2      21289    20808     21288    20811     21287    20807     21295    20811     21288    20812
 721     30      39114    40249     39061    40177     39146    40216     39068    40211     39131    40184
2769      3      26925    26503     26924    26498     26933    26495     26933    26504     26928    26509
1745      8      37801    37758     37799    37780     37848    37751     37789    37764     37814    37775
3793      1      22884    22316     22882    22310     22882    22328     22880    22320     22874    22320
 465     42      39363    53427     39367    41122     39366    41130     39366    41130     39369    41129
2513      3      37322    36849     37318    36864     37299    36864     37294    36859     37281    36859
1489     11      38513    38703     38581    38653     38518    38697     38580    38655     38521    38704
3537      1      31012    30280     31016    30270     31016    30284     31012    30274     31014    30286
 977     21      39584    40278     39589    40280     39584    40274     39584    40271     39586    40278
3025      2      29280    28704     29262    28703     29268    28705     29268    28700     29277    28709
2001      6      36106    39438     36122    35955     36151    35939     36139    35948     36108    35956
4049      1      16978    16488     16970    16494     16970    16496     16972    16502     16974    16508
  49     73      39665    43071     39600    43110     39673    43083     39609    43079     39632    43133
2097      5      38219    38013     38225    38000     38247    37991     38256    37985     38223    37994
1073     19      38511    39062     38557    39084     38588    39114     38605    39129     38584    39129
3121      2      25942    25391     25936    25397     25935    25390     25938    25396     25943    25395
 561     37      39308    40759     39273    40792     39285    40801     39309    40779     39321    40776
2609      3      32969    32518     32978    32526     32970    32530     32956    32531     32946    32527
1585     10      37304    37405     37361    37359     37291    37398     37365    37369     37285    37375
3633      1      27614    26950     27614    26944     27606    26944     27618    26942     27616    26950
 305     52      39413    44658     39406    41721     39412    41653     39407    41737     39405    41657
2353      4      34362    34007     34339    34011     34328    34014     34326    34008     34338    34000
1329     14      37310    37570     37280    37543     37365    37577     37282    37591     37321    37541
3377      1      37866    36990     37870    37002     37872    37002     37864    37014     37852    36992
 817     26      39632    40590     39716    40631     39691    40662     39628    40610     39633    40583
2865      2      35761    35155     35761    35153     35774    35167     35783    35166     35778    35166
1841      7      38106    38024     38154    37992     38104    37998     38101    38016     38147    37994
3889      1      20410    19846     20390    19860     20402    19860     20398    19860     20388    19860
 177     62      39243    42027     39237    42024     39229    42029     39234    42044     39230    42031
2225      5      32394    32166     32404    32149     32417    32150     32437    32146     32413    32154
1201     16      38598    39029     38568    38967     38644    38979     38658    39033     38594    39015
3249      2      22139    21648     22138    21649     22132    21646     22126    21649     22134    21652
689     31      39417    40735     39501    40749     39417    40754     39502    40742     39426    40751
2737      3      28 768     38      29158    29943     29141    29973     29099    29937     29177    29885     29156    29923
2816      3      25423    24994     25416    24996     25401    24990     25399    24992     25395    24997
1792     10      28498    28473     28527    28467     28541    28449     28500    28474     28530    28465
3840      1      21640    21066     21630    21096     21630    21070     21634    21072     21624    21084
 128     87      30077    46608     30120    32423     30087    32424     30041    32379     30068    32364
2176      6      28871    28658     28889    28648     28881    28657     28862    28658     28859    28660
1152     23      28831    29135     28873    29170     28855    29184     28810    29162     28793    29131
3200      2      23586    23064     23578    23076     23571    23069     23572    23073     23574    23067
 640     45      29187    30176     29233    30165     29215    30146     29214    30181     29246    30152
2688      3      29892    29448     29900    29452     29902    29462     29893    29463     29883    29457
1664     12      28147    28160     28159    28179     28186    28152     28137    28180     28183    28163
3712      1      25218    24614     25212    24608     25216    24602     25208    24616     25216    24596
 384     62      29894    31446     29908    31429     29921    31413     29896    31421     29903    31449
2432      5      24859    24596     24851    24600     24856    24590     24865    24593     24867    24587
1408     17      27862    27989     27894    28019     27844    28001     27909    28011     27848    28022
3456      2      17145    16748     17151    16746     17144    16750     17144    16746     17145    16746
 896     32      29133    35198     29146    29727     29133    29726     29106    29710     29075    29686
2944      3      21647    21245     21637    21243     21640    21248     21632    21244     21628    21240
1920      9      26807    26730     26820    26723     26847    26707     26813    26718     26808    26732
3968      1      18654    18116     18656    18144     18656    18140     18642    18140     18638    18132
  64    100      28320    49997     28270    30681     28320    30712     28272    30683     28314    30717
2112      7      26741    26580     26736    26588     26752    26578     26771    26567     26757    26573
1088     25      28691    29048     28707    29069     28688    29073     28653    29054     28631    29030
3136      2      25431    24896     25431    24899     25421    24900     25417    24889     25421    24893
 576     49      29021    30085     29041    30064     29021    30072     29006    30086     29032    30073
2624      4      24233    23902     24221    23899     24215    23899     24211    23895     24216    23893
1600     13      28103    28122     28076    28110     28093    28137     28102    28109     28075    28144
3648      1      27096    26450     27090    26442     27088    26442     27098    26444     27098    26454
 320     69      29051    30685     29033    30653     29058    30699     29056    30637     29041    30693
2368      5      26903    26659     26910    26649     26912    26641     26927    26634     26926    26644
1344     18      28403    28613     28385    28568     28443    28596     28382    28594     28423    28572
3392      2      18561    18135     18563    18132     18569    18139     18570    18143     18570    18142
 832     35      28849    29476     28857    29503     28815    29483     28784    29448     28818    29455
2880      3      23376    22965     23380    22966     23378    22974     23378    22972     23381    22971
1856      9      29024    28945     29056    28927     29019    28933     29019    28947     29049    28934
3904      1      20028    19482     20022    19488     20020    19496     20028    19500     20024    19496
 192     82      29077    31066     29080    31065     29077    31072     29064    31057     29049    31053
2240      6      26452    26235     26461    26228     26466    26232     26447    26233     26442    26244
1216     21      28805    29076     28752    29051     28755    29020     28814    29049     28781    29072
3264      2      21696    21213     21705    21220     21703    21224     21707    21226     21711    21226
 704     41      29184    30064     29202    30008     29202    30050     29176    30011     29215    30048
2752      3      27495    27059     27494    27063     27484    27062     27475    27069     27473    27061
1728     11      28075    28041     28057    28063     28096    28040     28060    28046     28073    28059
3776      1      23346    22772     23340    22776     23342    22776     23336    22788     23344    22780
 448     57      29599    30957     29603    30950     29602    30942     29604    30949     29603    30945
2496      4      28562    28238     28559    28233     28568    28233     28569    28232     28579    28227
1472     15      28887    28948     28829    28968     28881    28939     28831    28968     28878    28939
3520      2      15826    15450     15823    15449     15819    15438     15821    15441     15824    15445
 960     29      29252    36421     29254    29782     29248    29769     29248    29769     29247    29772
3008      2      29887    29295     29877    29301     29874    29299     29868    29306     29865    29299
1984      8      27671    27539     27658    27554     27675    27542     27697    27527     27667    27536
4032      1      17284    16794     17292    16798     17286    16808     17286    16806     17284    16804
  32    100      29659    34858     29616    32290     29640    32291     29670    32277     29632    32288
2080      7      27939    27763     27954    27760     27931    27769     27923    27770     27940    27765
1056     26      28885    29293     28865    29285     28839    29271     28824    29248     28810    29239
3104      2      26509    25963     26508    25959     26501    25967     26500    25956     26503    25964
 544     50      29798    30961     29778    30962     29777    30965     29793    30959     29802    30956
2592      4      25284    24946     25272    24947     25272    24948     25266    24946     25266    24943
1568     13      29424    29450     29374    29448     29412    29459     29388    29444     29402    29466
3616      1      28170    27494     28162    27488     28152    27482     28160    27488     28152    27484
 288     73      28763    30455     28783    30503     28749    30457     28804    30469     28756    30484
2336      5      28086    27836     28086    27829     28099    27830     28104    27824     28117    27829
1312     19      28174    28338     28158    28381     28119    28341     28187    28353     28144    28375
3360      2      19325    18892     19326    18887     19320    18885     19315    18882     19325    18891
 800     37      28524    29252     28567    29251     28598    29287     28559    29281     28532    29241
2848      3      24378    23961     24363    23961     24365    23957     24370    23963     24371    23961
1824     10      27287    27233     27317    27215     27281    27222     27285    27231     27317    27216
3872      1      20820    20266     20820    20274     20816    20282     20810    20272     20816    20276
 160     87      28685    30793     28676    30768     28666    30745     28658    30756     28670    30759
2208      6      27626    27422     27641    27422     27655    27410     27643    27417     27627    27421
1184     22      28805    29096     28760    29088     28739    29053     28790    29062     28811    29096
3232      2      22620    22120     22622    22118     22620    22120     22619    22126     22624    22121
 672     44      28513    29393     28510    29368     28512    29402     28519    29362     28505    29415
2720      3      28658    28234     28658    28236     28650    28239     28644    28225     28654    28228
1696     12      26902    26928     26941    26906     26911    26906     26920    26920     26946    26897
3744      1      24274    23680     24268    23690     24274    23690     24266    23688     24272    23684
 416     60      29465    36675     29473    30920     29484    30909     29481    30898     29473    30915
2464      5      23852    23565     23846    23570     23833    23570     23831    23575     23827    23567
1440     16      28312    28437     28277    28414     28321    28426     28274    28417     28331    28426
3488      2      16478    16089     16472    16086     16475    16083     16474    16083     16466    16082
 928     31      28717    29244     28721    29255     28721    29256     28714    29260     28703    29251
2976      3      20772    20366     20769    20376     20764    20373     20763    20368     20758    20369
1952      8      28915    28770     28886    28775     28889    28774     28911    28767     28903    28768
4000      1      17960    17450     17956    17452     17952    17464     17956    17454     17954    17468
  96     93      29286    41617     29241    31646     29260    31616     29282    31660     29229    31620
2144      7      25718    25558     25734    25552     25748    25544     25731    25554     25718    25557
1120     24      28723    29065     28757    29085     28756    29105     28722    29093     28694    29065
3168      2      24497    23970     24492    23971     24489    23974     24485    23967     24485    23964
 608     47      29069    30107     29099    30106     29117    30094     29073    30098     29100    30105
2656      4      23309    22980     23301    22978     23298    22979     23298    22977     23302    22980
1632     13      27026    27051     27036    27032     27012    27059     27056    27037     27005    27047
3680      1      26158    25518     26164    25520     26152    25530     26148    25528     26142    25520
 352     65      29637    31250     29646    31266     29670    31239     29637    31249     29648    31263
2400      5      25858    25601     25868    25600     25867    25598     25881    25597     25873    25601
1376     17      28934    29137     28957    29103     28960    29139     28922    29106     28985    29125
3424      2      17832    17420     17831    17421     17829    17416     17829    17423     17831    17413
 864     34      28539    29149     28516    29147     28489    29119     28471    29097     28486    29106
2912      3      22490    22090     22489    22087     22489    22085     22495    22095     22494    22090
1888      9      27908    27806     27918    27804     27888    27818     27904    27808     27927    27796
3936      1      19336    18790     19330    18800     19330    18804     19334    18814     19328    18808
 224     77      29743    31730     29713    31699     29695    31667     29729    31688     29763    31705
2272      6      25445    25207     25434    25212     25424    25214     25421    25214     25430    25206
1248     20      29111    29342     29068    29347     29046    29308     29106    29326     29090    29355
3296      2      20889    20422     20888    20421     20895    20427     20894    20426     20895    20427
 736     40      28757    29594     28805    29574     28791    29604     28760    29557     28817    29592
2784      3      26433    25999     26434    26008     26434    26012     26431    26013     26422    26010
1760     11      26966    26947     26985    26950     27005    26932     26966    26950     26990    26944
3808      1      22464    21894     22456    21910     22448    21882     22458    21900     22458    21912
 480     57      28464    29719     28464    29723     28466    29715     28467    29722     28470    29730
2528      4      27444    27129     27448    27116     27451    27119     27448    27117     27473    27114
1504     15      27772    27825     27719    27837     27773    27822     27716    27835     27774    27822
3552      1      30448    29724     30462    29734     30438    29714     30462    29722     30442    29730
 992     29      28157    28634     28155    28626     28151    28628     28146    28628     28145    28622
3040      2      28751    28173     28734    28171     28740    28174     28748    28176     28743    28183
2016      8      26578    26448     26595    26444     26593    26440     26571    26451     26580    26446
4064      1      16686    16206     16686    16216     16690    16220     16684    16224     16680    16216
  16    100      30310    33176     30321    33167     30348    33153     30360    33146     30343    33142
2064      7      28566    28377     28551    28382     28535    28393     28549    28384     28562    28378
1040     26      29551    29979     29557    29988     29556    29989     29545    29990     29529    29973
3088      2      27061    26509     27068    26515     27074    26513     27064    26512     27065    26513
 528     52      29319    30497     29335    30487     29345    30471     29339    30478     29344    30486
2576      4      25831    25479     25831    25488     25820    25493     25812    25489     25809    25487
1552     14      27908    27965     27938    27999     27923    27979     27933    28000     27935    27976
3600      1      28728    28034     28728    28034     28732    28034     28736    28044     28732    28042
 272     73      29420    31239     29476    31262     29445    31277     29433    31231     29475    31269
2320      5      28712    28440     28727    28434     28718    28442     28702    28443     28694    28449
1296     19      28777    29032     28784    28991     28822    29024     28771    29024     28796    28992
3344      2      19730    19276     19722    19272     19727    19278     19722    19274     19723    19278
 784     38      28442    29173     28501    29195     28477    29215     28438    29176     28492    29188
2832      3      24887    24476     24885    24469     24885    24466     24894    24472     24897    24478
1808     10      27927    27829     27886    27840     27898    27844     27927    27828     27886    27838
3856      1      21236    20670     21232    20676     21232    20692     21236    20682     21234    20688
 144     87      29363    31565     29339    31534     29353    31535     29390    31566     29423    31593
2192      6      28265    28024     28253    28028     28230    28035     28231    28033     28251    28030
1168     23      28135    28457     28187    28469     28206    28498     28164    28494     28135    28464
3216      2      23094    22590     23091    22588     23089    22591     23087    22595     23081    22587
 656     44      29181    30140     29194    30111     29171    30143     29208    30121     29161    30138
2704      3      29262    28844     29257    28833     29261    28832     29265    28838     29264    28828
1680     12      27538    27536     27541    27517     27520    27545     27560    27520     27516    27528
3728      1      24746    24140     24748    24146     24734    24140     24744    24152     24744    24148
 400     62      29196    30674     29201    30664     29212    30653     29222    30637     29215    30637
2448      5      24355    24070     24360    24082     24348    24083     24340    24080     24337    24079
1424     16      28968    29103     28924    29079     28979    29089     28924    29092     28983    29079
3472      2      16810    16413     16807    16405     16803    16409     16807    16409     16804    16409
 912     31      29348    29930     29331    29920     29324    29907     29327    29913     29343    29917
2960      3      21187    20792     21186    20794     21186    20796     21190    20799     21194    20797
1936      9      26245    26143     26270    26135     26250    26141     26235    26153     26253    26140
3984      1      18308    17786     18300    17800     18304    17794     18300    17794     18294    17808
  80     93      29858    32318     29824    32347     29837    32317     29844    32363     29816    32308
2128      7      26236    26062     26255    26055     26241    26060     26224    26067     26229    26058
1104     25      28082    28457     28094    28459     28131    28472     28149    28495     28143    28499
3152      2      24958    24423     24956    24427     24960    24431     24953    24423     24957    24421
 592     49      28460    29486     28479    29468     28448    29479     28458    29487     28482    29468
2640      4      23776    23438     23764    23439     23755    23438     23756    23439     23749    23439
1616     13      27546    27593     27583    27572     27534    27589     27574    27584     27540    27577
3664      1      26630    25990     26630    25992     26624    25978     26624    25984     26626    25976
 336     69      28485    30072     28496    30042     28470    30071     28507    30052     28470    30048
2384      5      26394    26124     26384    26123     26378    26126     26386    26119     26389    26123
1360     18      27852    28028     27901    28050     27850    28052     27892    28034     27871    28064
3408      2      18185    17774     18186    17770     18185    17767     18182    17766     18183    17770
 848     35      28277    28908     28246    28901     28219    28875     28231    28868     28270    28888
2896      3      22938    22524     22934    22533     22927    22529     22939    22526     22940    22533
1872      9      28463    28352     28482    28359     28448    28373     28458    28372     28486    28363
3920      1      19676    19128     19678    19142     19664    19150     19680    19150     19684    19158
 208     82      28473    38268     28496    30421     28507    30421     28500    30422     28473    30408
2256      6      25935    25721     25940    25715     25952    25714     25933    25720     25923    25725
1232     21      28229    28510     28198    28473     28244    28473     28255    28505     28210    28496
3280      2      21306    20824     21303    20831     21304    20832     21294    20823     21291    20823
 720     41      28598    29439     28659    29454     28610    29457     28648    29441     28636    29474
2768      3      26961    26535     26947    26534     26952    26538     26946    26539     26938    26529
1744     11      27521    27500     27548    27487     27506    27496     27527    27490     27541    27478
3792      1      22912    22338     22912    22342     22906    22356     22908    22344     22906    22350
 464     57      29022    37216     29028    30331     29032    30333     29034    30320     29035    30324
2512      4      28000    27676     27996    27679     27995    27669     28006    27671     28007    27669
1488     15      28313    28390     28267    28387     28317    28384     28265    28384     28320    28387
3536      1      31040    30314     31050    30304     31048    30316     31062    30302     31060    30316
 976     29      28754    29232     28756    29240     28758    29236     28755    29239     28759    29242
3024      2      29312    28723     29303    28729     29313    28728     29316    28738     29312    28735
2000      8      27125    29327     27145    26983     27118    26990     27112    26997     27124    26988
4048      1      16986    16510     16984    16502     16980    16508     16980    16510     16974    16508
  48    100      28938    31527     28979    31507     28929    31515     28971    31528     28967    31509
2096      7      27353    27163     27347    27169     27325    27170     27331    27165     27343    27165
1072     25      29356    29761     29334    29751     29311    29728     29301    29712     29310    29712
3120      2      25974    25420     25964    25430     25969    25430     25967    25439     25959    25427
 560     50      29109    30202     29122    30202     29123    30203     29101    30206     29095    30221
2608      4      24738    24423     24742    24419     24743    24418     24745    24417     24761    24413
1584     13      28743    28765     28727    28796     28762    28770     28716    28795     28766    28774
3632      1      27628    26970     27622    26970     27628    26966     27634    26970     27620    26968
 304     69      29718    32271     29728    31421     29730    31474     29726    31426     29734    31465
2352      5      27492    27233     27504    27236     27514    27231     27524    27236     27501    27240
1328     18      29051    29214     29075    29273     29022    29247     29079    29239     29055    29273
3376      2      18940    18510     18941    18510     18939    18511     18941    18512     18938    18509
 816     36      28685    29390     28646    29338     28664    29340     28714    29371     28694    29387
2864      3      23884    23462     23880    23467     23880    23468     23874    23467     23869    23474
1840     10      26710    26626     26693    26646     26717    26628     26722    26623     26694    26641
3888      1      20442    19878     20440    19896     20430    19890     20434    19894     20432    19902
 176     82      29755    31872     29762    31882     29761    31867     29761    31866     29759    31853
2224      6      27048    26819     27030    26818     27025    26830     27035    26815     27036    26814
1200     22      28090    28370     28147    28396     28122    28416     28080    28388     28101    28373
3248      2      22169    21673     22172    21674     22161    21678     22159    21668     22155    21665
 688     42      29175    30070     29155    30034     29187    30065     29149    30034     29190    30065
2736      3      28084    27640     28072    27648     28061    27641     28057    27639     28059    27646
1712     11      28699    28685     28702    28701     28742    28682     28690    28695     28718    28696
3760      1      23810    23232     23812    23248     23820    23236     23802    23236     23804    23240
 432     60      28785    30141     28788    30151     28786    30153     28783    30153     28788    30151
2480      4      29169    28842     29160    28845     29168    28834     29181    28843     29180    28832
1456     16      27688    27764     27648    27795     27679    27760     27659    27794     27671    27758
3504      2      16143    15763     16149    15764     16152    15762     16152    15764     16152    15768
 944     30      28923    29486     28929    29474     28935    29484     28946    29490     28957    29494
2992      3      20326    19934     20325    19938     20329    19945     20332    19941     20327    19942
1968      8      28261    28157     28282    28147     28293    28142     28264    28152     28271    28149
4016      1      17624    17128     17612    17126     17616    17126     17612    17126     17618    17134
 112     93      28715    30985     28668    30958     28668    30935     28721    30961     28680    30970
2160      6      29420    29223     29419    29229     29438    29223     29454    29214     29438    29216
1136     24      28199    28524     28165    28518     28139    28494     28143    28477     28184    28492
3184      2      24044    23521     24046    23523     24045    23519     24039    23524     24042    23527
 624     47      28496    29494     28520    29504     28536    29483     28497    29507     28534    29491
2672      4      22862    22529     22853    22530     22850    22530     22848    22533     22841    22523
1648     12      28693    28736     28742    28707     28688    28724     28720    28723     28710    28706
3696      1      25674    25058     25668    25046     25666    25044     25678    25042     25686    25066
 368     65      29077    41230     29065    30600     29081    30599     29091    30580     29065    30600
2416      5      25368    25091     25358    25091     25350    25101     25354    25091     25360    25092
1392     17      28417    28542     28406    28578     28388    28542     28432    28565     28377    28556
3440      2      17493    17080     17486    17081     17489    17078     17488    17088     17484    17077
 880     33      28815    29416     28819    29413     28794    29407     28766    29380     28752    29364
2928      3      22069    21665     22063    21669     22050    21662     22054    21661     22064    21663
1904      9      27345    27262     27372    27252     27357    27257     27339    27271     27360    27261
3952      1      18992    18460     18998    18464     18996    18472     18984    18474     18982    18478
 240     77      29171    31068     29140    31039     29116    30988     29148    31014     29179    31040
2288      6      24933    24705     24943    24707     24925    24708     24916    24715     24920    24701
1264     20      28533    28779     28489    28748     28526    28737     28541    28772     28493    28761
3312      2      20504    20035     20497    20049     20493    20036     20498    20039     20491    20032
 752     39      28949    36785     28916    29715     28980    29733     28940    29745     28937    29712
2800      3      25902    25484     25908    25490     25908    25490     25906    25492     25915    25486
1776     10      29114    29032     29077    29043     29090    29046     29118    29032     29075    29048
3824      1      22046    21490     22046    21492     22040    21486     22048    21496     22052    21508
