489         45       1961
3537         93       1994
 977         38       1980
3025         78       1994
2001         54  489         25       1963
2537         52       1988
1513         36       1969
3561         74       1982
1001         30       1965
3049         62       1983
2025         43       1965
4073         89       1999
  25         21       1942
2073         44       1977
1049         31       1996
3097         63       1982
 537         25       1930
2585         53       1992
1561         37       1990
3609         76       1984
 281         24       1989
2329         49       1973
1305         34       1944
3353         72       1997
 793         29       1938
2841         62       1973
1817         45       1991
3865         94       1997
 153         26       1970
2201         55       1987
1177         39       1978
3225         81       1987
 665         34       2000
2713         70       1975
1689         50       1973
3737        104       1995
 409         31       1945
2457         62       1978
1433         42       1972
3481         83       1979
 921         33       1994
2969         64       1971
1945         43       1980
3993         84       1979
  89         20       1912
2137         41       1954
1113         28       1946
3161         58       1969
 601         23       1918
2649         49       1987
1625         34       1974
3673         70       1990
 345         22       1991
2393         47       1983
1369         33       1945
3417         70       1990
 857         28       1936
2905         59       1990
1881         41       1976
3929         84       1989
 217         23       1994
2265         47       1982
1241         33       1991
3289         67       1980
 729         27       1953
2777         56       1976
1753         39       1967
3801         80       1979
 473         25       1981
2521         51       1967
1497         36       1987
3545         73       1973
 985         30       1981
3033         61       1969
2009         43       1983
4057         88       1994
  57         21       1925
