330         81       1987
 770         33       1977
2818         68       1990
1794         47       1964
3842         97  290         28       1983
2338         57       1969
1314         40       1975
3362         82       1987
 802         33       1951
2850         69       1995
1826         48       1981
3874         98       1990
 162         26       1927
2210         55       1986
1186         38       1961
3234         78       1975
 674         32       1979
2722         66       1994
1698         46       1986
3746         94       1995
 418         29       1964
2466         60       1981
1442         42       1984
3490         86       1993
 930         35       1977
2978         72       1991
1954         50       1974
4002        102       1983
  98         26       1970
2146         54       1994
1122         37       1954
3170         77       1993
 610         31       1961
2658         64       1977
1634         45       1986
3682         92       1997
 354         28       1939
2402         59       1992
1378         41       1980
3426         84       1991
 866         34       1965
2914         70       1980
1890         49       1977
3938        100       1987
 226         27       1955
2274         56       1977
1250         39       1969
3298         80       1988
 738         32       1951
2786         67       1997
1762         47       1997
3810         95       1997
 482         29       1942
2530         60       1970
1506         42       1965
3554         87       1988
 994         36       1998
3042         73       1983
2018         51       1996
4066        103       1995
  18         25       1979
2066         51       1962
1042         36       1968
3090         74       1989
 530         30       1970
2578         62       1988
1554         43       1970
3602         88       1982
 274         27       1947
2322         56       1980
1298         39       1966
3346         81       2000
 786         33       1976
2834         68       1993
1810         47       1966
3858         96       1992
 146         26       1968
2194         54       1985
1170         38       1989
3218         77       1983
 658         31       1942
2706         65       1995
1682         45       1970
3730         92       1992
 402         29       1987
2450         59       1980
1426         41       1966
3474         84       1989
 914         34       1954
2962         70       1977
1938         49       1967
3986        101       1998
  82         26       1982
2130         53       1977
1106         37       1972
3154         76       1990
 594         31       1981
2642         64       2000
1618         44       1963
3666         90       1979
 338         28       1972
2386         58       1986
1362         40       1953
3410         81       1979
 850         33       1970
2898         68       1994
1874         48       1980
3922         99       1992
 210         27       1949
2258         56       1973
1234         39       1959
3282         80       1984
 722         33       1987
2770         67       1983
1746         47       1985
3794         95       1987
 466         30       1976
2514         62       1996
1490         43       1972
3538         88       1992
 978         36       1971
3026         74       1994
2002         52       1993
4050        105       1992
  50         26       1967
2098         54       1999
1074         37       1955
3122         76       1979
 562         31       1961
2610         64       1986
1586         45       1990
3634         91       1988
 306         28       1936
2354         58       1967
1330         41       1985
3378         83       1984
 818         34       1968
2866         70       1991
1842         49       1982
3890         99       1983
 178         27       1954
2226         56       1986
1202         39       1975
3250         79       1977
 690         32       1950
2738         66       1977
1714         46       1965
3762         94       1983
 434         29       1941
2482         61       2000
1458         42       1966
3506         86       1984
 946         35       1958
2994         72       1980
1970         51       1999
4018        103       1995
 114         26       1952
2162         54       1982
1138         38       1991
3186         77       1985
 626         31       1946
2674         65       1998
1650         45       1973
3698         92       1988
 370         29       1992
2418         59       1981
1394         41       1967
3442         84       1983
 882         34       1951
2930         71       1998
1906         49       1965
3954        101       1999
 242         27       1940
2290         57       2000
1266         39       1956
3314         81       1997
 754         33       1981
2802         68       1999
1778         47       1970
3826         96       1985
 498         30       1970
2546         62       1990
1522         43       1972
3570         88       1985
1010         36       1973
3058         74       1992
2034         52       1993
4082        105       1989
  10         25       1948
2058         52       1978
1034         36       1957
3082         74       1975
 522         30       1954
2570         62       1974
1546         43       1956
3594         89       1991
 266         28       1996
2314         57       1983
1290         40       1989
3338         81       1979
 778         33       1964
2826         68       1981
1802         48       1994
3850         97       1987
 138         26       1938
2186         55       2000
