   0         25       1986
2048         51       1976
1024         36       1997
3072         73       1983
 512         30       1994
2560         61       1978
1536         43       1994
3584         87       1981
 256         27       1964
2304         56       1985
1280         39       1977
3328         80       1990
 768         32       1943
2816         67       1989
1792         47       1991
3840         95       1981
 128         26       1978
2176         53       1964
1152         37       1962
3200         76       1976
 640         31       1969
2688         64       1986
1664         45       1994
3712         91       1983
 384         28       1947
2432         59       1999
1408         41       1988
3456         84       1999
 896         34       1971
2944         70       1988
1920         49       1985
3968        100       1996
  64         25       1940
2112         52       1968
1088         36       1947
3136         75       1991
 576         30       1945
2624         63       1995
1600         44       1991
3648         89       1980
 320         28       1986
2368         57       1973
1344         40       1979
3392         82       1994
 832         33       1954
2880         69       2000
1856         48       1985
3904         98       1997
 192         26       1930
2240         55       1990
1216         38       1966
3264         78       1982
 704         32       1983
2752         66       2000
1728         46       1989
3776         93       1979
 448         29       1966
2496         60       1987
1472         42       1987
3520         86       1999
 960         35       1980
3008         72       1997
1984         50       1979
4032        102       1989
  32         25       1963
2080         52       1990
1056         36       1970
3104         74       1986
 544         30       1969
2592         62       1986
1568         43       1968
3616         88       1980
 288         27       1939
2336         57       1995
1312         39       1952
3360         81       1991
 800         33       1977
2848         68       1994
1824         47       1966
3872         97       1998
 160         26       1952
2208         54       1976
1184         38       1987
3232         77       1977
 672         31       1943
2720         65       1991
1696         45       1969
3744         92       1980
 416         29       1989
2464         59       1975
1440         41       1962
3488         85       1998
 928         34       1947
2976         71       1991
1952         50       2000
4000        101       1991
  96         26       1995
2144         53       1982
1120         37       1980
3168         76       1994
 608         31       1987
2656         63       1972
1632         44       1968
3680         90       1980
 352         28       1964
2400         58       1985
1376         40       1957
3424         83       1994
 864         34       1990
2912         69       1978
1888         48       1962
3936         99       1994
 224         27       1981
2272         55       1967
1248         39       1994
3296         79       1983
 736         32       1961
2784         66       1977
1760         46       1966
3808         95       1999
 480         29       1944
2528         61       1996
1504         42       1965
3552         87       1998
 992         35       1957
3040         72       1974
2016         51       1994
4064        103       1985
  16         25       1973
2064         52       1999
1040         36       1981
3088         74       1995
 528         30       1979
2576         62       1995
1552         43       1978
3600         88       1989
 272         27       1948
2320         56       1969
1296         39       1962
3344         81       1999
 784         33       1988
2832         67       1973
1808         47       1975
3856         96       1986
 144         26       1962
2192         54       1986
1168         38       1998
3216         77       1986
 656         31       1953
2704         64       1970
1680         45       1979
3728         92       1989
 400         29       2000
2448         59       1984
1424         41       1973
3472         84       1983
 912         34       1956
2960         71       2000
1936         49       1970
3984        101       2000
  80         25       1927
2128         53       1991
1104         37       1987
3152         75       1977
 592         31       1996
2640         63       1981
1616         44       1977
3664         90       1988
 336         28       1973
2384         58       1994
1360         40       1965
3408         82       1979
 848         34       2000
2896         69       1987
1872         48       1971
3920         98       1982
 208         27       1989
2256         55       1976
1232         38       1952
3280         79       1992
 720         32       1968
2768         66       1986
1744         46       1975
3792         94       1987
 464         29       1953
2512         60       1972
1488         42       1973
3536         86       1985
 976         35       1966
3024         72       1982
2000         50       1964
4048        103       1994
  48         25       1948
2096         52       1974
1072         36       1955
3120         75       1997
 560         30       1953
2608         62       1971
1584         44       1998
3632         89       1986
 304         28       1994
2352         57       1981
1328         40       1986
3376         82       2000
 816         33       1962
2864         68       1978
1840         48       1993
3888         97       1983
 176         26       1937
2224         55       1997
1200         38       1972
3248         78       1987
 688         32       1990
2736         65       1976
1712         46       1996
3760         93       1986
 432         29       1974
2480         60       1994
1456         42       1994
3504         85       1983
 944         35       1988
2992         71       1976
1968         50       1985
4016        102       1996
 112         26       1983
2160         53       1969
1136         37       1966
3184         76       1980
 624         31       1974
2672         64       1990
1648         45       1999
3696         91       1987
 368         28       1951
2416         58       1970
1392         41       1993
3440         83       1979
 880         34       1977
2928         70       1992
1904         49       1990
3952        100       2000
 240         27       1968
2288         56       1990
1264         39       1981
3312         80       1994
 752         32       1948
2800         67       1992
1776         47       1995
3824         95       1984
 496         30       1998
2544         61       1982
1520         43       1998
3568         87       1984
1008         36       2000
3056         73       1988
2032         51       1980
4080        104       1990
   8         25       1976
2056         51       1963
1032         36       1984
3080         74       1998
 520         30       1981
2568         62       1997
1544         43       1980
3592         88       1990
 264         27       1951
2312         56       1972
1288         39       1964
3336         80       1977
 776         33       1991
2824         67       1975
1800         47       1979
3848         96       1989
 136         26       1965
2184         54       1989
1160         37       1949
3208         77       1989
 648         31       1957
2696         64       1973
1672         45       1981
3720         92       1991
 392         28       1934
2440         59       1987
1416         41       1975
3464         84       1986
 904         34       1959
2952         70       1975
1928         49       1972
3976        100       1982
  72         25       1930
2120         53       1994
1096         37       1990
3144         75       1979
 584         31       1998
2632         63       1984
1608         44       1979
3656         90       1990
 328         28       1975
2376         58       1995
1352         40       1968
3400         82       1981
 840         33       1942
2888         69       1989
1864         48       1974
3912         98       1984
 200         27       1992
2248         55       1978
1224         38       1953
3272         79       1994
 712         32       1971
2760         66       1987
1736         46       1978
3784         94       1989
 456         29       1954
2504         60       1975
1480         42       1975
3528         86       1987
 968         35       1969
3016         72       1985
1992         50       1966
4040        103       1996
  40         25       1951
2088         52       1978
1064         36       1958
3112         75       2000
 552         30       1956
2600         62       1973
1576         43       1955
3624         89       1989
 296         28       1998
2344         57       1983
1320         40       1990
3368         81       1978
 808         33       1965
2856         68       1981
1832         48       1995
3880         97       1985
 168         26       1940
2216         55       2000
1192         38       1975
3240         78       1991
 680         32       1993
2728         65       1979
1704         46       2000
3752         93       1988
 424         29       1976
2472         60       1996
1448         42       1998
3496         85       1985
 936         35       1991
2984         71       1978
1960         50       1988
4008        102       1998
 104         26       1985
2152         53       1970
1128         37       1968
3176         76       1982
 616         31       1976
2664         64       1992
1640         45       2000
3688         91       1989
 360         28       1953
2408         58       1972
1384         41       1994
3432         83       1982
 872         34       1979
2920         70       1994
1896         49       1992
3944         99       1982
 232         27       1969
2280         56       1990
1256         39       1983
3304         80       1996
 744         32       1948
2792         67       1994
1768         47       1997
3816         95       1986
 488         30       1999
2536         61       1983
1512         43       2000
3560         87       1986
1000         35       1946
3048         73       1989
2024         51       1982
4072        104       1991
  24         25       1961
2072         52       1986
1048         36       1968
3096         74       1982
 536         30       1966
2584         62       1982
1560         43       1965
3608         89       1998
 280         27       1935
2328         57       1992
1304         40       2000
3352         81       1987
 792         33       1975
2840         68       1990
1816         47       1963
3864         97       1995
 152         26       1950
2200         54       1974
1176         38       1986
3224         78       2000
 664         31       1941
2712         65       1988
1688         45       1966
3736         93       1998
 408         29       1988
2456         59       1972
1432         41       1960
3480         85       1994
 920         34       1944
2968         71       1988
1944         50       1997
3992        101       1987
  88         26       1993
2136         53       1979
1112         37       1976
3160         76       1991
 600         31       1984
2648         64       2000
1624         44       1964
3672         91       1998
 344         28       1961
2392         58       1981
1368         40       1954
3416         83       1990
 856         34       1987
2904         69       1974
1880         49       2000
3928         99       1990
 216         27       1978
2264         56       1999
1240         39       1991
3288         79       1980
 728         32       1957
2776         66       1973
1752         46       1962
3800         95       1995
 472         29       1940
2520         61       1993
1496         42       1961
3544         87       1995
 984         35       1954
3032         73       1997
2008         51       1990
4056        103       1982
  56         25       1936
2104         53       2000
1080         37       1997
3128         75       1984
 568         30       1940
2616         63       1989
1592         44       1985
3640         90       1995
 312         28       1981
2360         57       1967
1336         40       1973
3384         82       1987
 824         33       1949
2872         69       1994
1848         48       1979
3896         98       1990
 184         27       1998
2232         55       1984
1208         38       1959
3256         78       1975
 696         32       1977
2744         66       1994
1720         46       1983
3768         94       1994
 440         29       1961
2488         60       1981
1464         42       1981
3512         86       1993
 952         35       1974
3000         72       1991
1976         50       1972
4024        102       1983
 120         26       1971
2168         54       1994
1144         37       1954
3192         77       1994
 632         31       1962
2680         64       1978
1656         45       1987
3704         92       1996
 376         28       1939
2424         59       1992
1400         41       1980
3448         84       1991
 888         34       1965
2936         70       1980
1912         49       1977
3960        100       1987
 248         27       1956
2296         56       1976
1272         39       1969
3320         80       1981
 760         33       1995
2808         67       1980
1784         47       1983
3832         96       1993
 504         30       1985
2552         61       1969
1528         43       1985
3576         88       1995
1016         36       1988
3064         73       1975
2040         51       1967
4088        105       1997
   4         25       1973
2052         52       1998
1028         36       1979
3076         74       1994
 516         30       1977
2564         62       1993
1540         43       1976
3588         88       1985
 260         27       1948
2308         56       1968
1284         39       1960
3332         81       1997
 772         33       1986
2820         67       1971
1796         47       1974
3844         96       1984
 132         26       1961
2180         54       1984
1156         38       1998
3204         77       1984
 644         31       1952
2692         65       1998
1668         45       1977
3716         92       1987
 388         29       1999
2436         59       1983
1412         41       1971
3460         84       1981
 900         34       1956
2948         71       1998
1924         49       1968
3972        101       1998
  68         25       1925
2116         53       1989
1092         37       1986
3140         76       2000
 580         31       1993
2628         63       1978
1604         44       1974
3652         90       1985
 324         28       1970
2372         58       1991
1348         40       1963
3396         82       1976
 836         34       1997
2884         69       1984
1860         48       1968
3908         99       2000
 196         27       1988
2244         55       1974
1220         39       2000
3268         79       1990
 708         32       1966
2756         66       1983
1732         46       1973
3780         94       1984
 452         29       1950
2500         60       1970
1476         42       1970
3524         86       1982
 964         35       1964
3012         72       1981
1988         50       1961
4036        103       1991
  36         25       1947
2084         52       1973
1060         36       1955
3108         75       1995
 548         30       1952
2596         63       2000
1572         44       1997
3620         89       1985
 292         28       1993
2340         57       1979
1316         40       1985
3364         82       1998
 804         33       1961
2852         68       1977
1828         48       1991
3876         97       1981
 164         26       1936
2212         55       1996
1188         38       1971
3236         78       1986
 676         32       1990
2724         65       1974
1700         46       1995
3748         93       1984
 420         29       1973
2468         60       1991
1444         42       1993
3492         85       1981
 932         35       1986
2980         71       1974
1956         50       1984
4004        102       1994
 100         26       1980
2148         53       1967
1124         37       1964
3172         76       1978
 612         31       1972
2660         64       1988
1636         45       1996
3684         91       1985
 356         28       1949
2404         58       1968
1380         41       1990
3428         83       1977
 868         34       1975
2916         70       1989
1892         49       1987
3940        100       1997
 228         27       1966
2276         56       1987
1252         39       1978
3300         80       1992
 740         32       1945
2788         67       1991
1764         47       1992
3812         95       1982
 484         30       1996
2532         61       1980
1508         43       1995
3556         87       1982
 996         36       1998
3044         73       1985
2020         51       1978
4068        104       1987
  20         25       1958
2068         52       1983
1044         36       1965
3092         74       1979
 532         30       1962
2580         62       1978
1556         43       1962
3604         89       1994
 276         27       1932
2324         57       1988
1300         40       1995
3348         81       1983
 788         33       1971
2836         68       1987
1812         47       1959
3860         97       1990
 148         26       1947
2196         54       1969
1172         38       1982
3220         78       1996
 660         32       2000
2708         65       1984
1684         45       1963
3732         93       1994
 404         29       1984
2452         59       1969
1428         41       1956
3476         85       1990
 916         35       1998
2964         71       1984
1940         50       1993
3988        101       1984
  84         26       1989
2132         53       1975
1108         37       1972
3156         76       1986
 596         31       1980
2644         64       1996
1620         44       1960
3668         91       1994
 340         28       1957
2388         58       1978
1364         41       1999
3412         83       1987
 852         34       1983
2900         70       1998
1876         49       1997
3924         99       1986
 212         27       1974
2260         56       1996
1236         39       1987
3284         79       1976
 724         32       1953
2772         67       1999
1748         46       1960
3796         95       1991
 468         29       1937
2516         61       1989
1492         42       1958
3540         87       1992
 980         35       1951
3028         73       1994
2004         51       1987
4052        104       1997
  52         25       1933
2100         53       1996
1076         37       1993
3124         75       1981
 564         30       1937
2612         63       1986
1588         44       1982
3636         90       1992
 308         28       1978
2356         58       1999
1332         40       1970
3380         82       1983
 820         33       1946
2868         69       1991
1844         48       1976
3892         98       1986
 180         27       1995
2228         55       1981
1204         38       1957
3252         79       1997
 692         32       1974
2740         66       1991
1716         46       1980
3764         94       1991
 436         29       1959
2484         60       1978
1460         42       1979
3508         86       1990
 948         35       1971
2996         72       1987
1972         50       1969
4020        103       1999
 116         26       1967
2164         54       1990
1140         37       1951
3188         77       1990
 628         31       1959
2676         64       1974
1652         45       1983
3700         92       1992
 372         28       1936
2420         59       1988
1396         41       1977
3444         84       1987
 884         34       1962
2932         70       1976
1908         49       1974
3956        100       1983
 244         27       1953
2292         56       1973
1268         39       1965
3316         80       1978
 756         33       1992
2804         67       1977
1780         47       1980
3828         96       1990
 500         30       1982
2548         62       1998
1524         43       1982
3572         88       1991
1012         36       1985
3060         74       1998
2036         51       1964
4084        105       1993
  12         25       1961
2060         52       1986
1036         36       1967
3084         74       1981
 524         30       1965
2572         62       1981
1548         43       1965
3596         89       1997
 268         27       1936
2316         57       1991
1292         40       1999
3340         81       1986
 780         33       1975
2828         68       1989
1804         47       1963
3852         97       1993
 140         26       1950
2188         54       1973
1164         38       1986
3212         78       1998
 652         31       1942
2700         65       1987
1676         45       1966
3724         93       1997
 396         29       1987
2444         59       1971
1420         41       1959
3468         85       1993
 908         35       2000
2956         71       1986
1932         50       1997
3980        101       1986
  76         26       1991
2124         53       1978
1100         37       1975
3148         76       1989
 588         31       1982
2636         64       1999
1612         44       1963
3660         91       1996
 332         28       1960
2380         58       1980
1356         40       1952
3404         83       1990
 844         34       1986
2892         69       1973
1868         49       1999
3916         99       1988
 204         27       1976
2252         56       1998
1228         39       1989
3276         79       1979
 716         32       1956
2764         66       1972
1740         46       1962
3788         95       1994
 460         29       1940
2508         61       1992
1484         42       1960
3532         87       1994
 972         35       1953
3020         73       1997
1996         51       1990
4044        104       2000
  44         25       1936
2092         53       1999
1068         37       1997
3116         75       1984
 556         30       1940
2604         63       1989
1580         44       1985
3628         90       1996
 300         28       1982
2348         57       1968
1324         40       1974
3372         82       1986
 812         33       1950
2860         69       1994
1836         48       1979
3884         98       1989
 172         27       1999
2220         55       1985
1196         38       1960
3244         79       2000
 684         32       1978
2732         66       1994
1708         46       1984
3756         94       1994
 428         29       1962
2476         60       1981
1452         42       1982
3500         86       1992
 940         35       1976
2988         72       1991
1964         50       1973
4012        102       1983
 108         26       1970
2156         54       1993
1132         37       1954
3180         77       1993
 620         31       1961
2668         64       1977
1644         45       1985
3692         92       1996
 364         28       1939
2412         59       1991
1388         41       1979
3436         84       1989
 876         34       1964
2924         70       1979
1900         49       1976
3948        100       1986
 236         27       1955
2284         56       1976
1260         39       1968
3308         80       1981
 748         33       1995
2796         67       1979
1772         47       1982
3820         96       1992
 492         30       1985
2540         61       1968
1516         43       1984
3564         88       1993
1004         36       1987
3052         74       2000
2028         51       1967
4076        105       1996
  28         25       1946
2076         52       1971
1052         36       1953
3100         75       1994
 540         30       1951
2588         63       1999
1564         44       1995
3612         89       1982
 284         28       1992
2332         57       1977
1308         40       1984
3356         82       1997
 796         33       1961
2844         68       1975
1820         48       1990
3868         98       2000
 156         26       1935
2204         55       1994
1180         38       1971
3228         78       1984
 668         32       1989
2716         65       1973
1692         46       1994
3740         93       1982
 412         29       1973
2460         60       1991
1436         42       1993
3484         85       1979
 924         35       1986
2972         72       2000
1948         50       1982
3996        102       1992
  92         26       1979
2140         53       1965
1116         37       1961
3164         76       1976
 604         31       1969
2652         64       1985
1628         45       1995
3676         91       1983
 348         28       1947
2396         59       2000
1372         41       1988
3420         84       1999
 860         34       1973
2908         70       1987
1884         49       1985
3932        100       1995
 220         27       1964
2268         56       1985
1244         39       1976
3292         80       1990
 732         32       1942
2780         67       1988
1756         47       1991
3804         95       1980
 476         30       1994
2524         61       1978
1500         43       1993
3548         87       1980
 988         36       1996
3036         73       1983
2012         51       1976
4060        104       1986
  60         26       1999
2108         53       1985
1084         37       1982
3132         76       1996
 572         31       1990
2620         63       1974
1596         44       1970
3644         90       1982
 316         28       1967
2364         58       1987
1340         40       1959
3388         83       1997
 828         34       1994
2876         69       1980
1852         48       1966
3900         99       1996
 188         27       1984
2236         55       1969
1212         39       1996
3260         79       1986
 700         32       1963
2748         66       1979
1724         46       1969
3772         94       1980
 444         29       1947
2492         61       1999
1468         42       1967
3516         86       1978
 956         35       1960
3004         72       1976
1980         51       1997
4028        103       1988
 124         26       1958
2172         54       1979
1148         38       1992
3196         77       1980
 636         31       1948
2684         65       1993
1660         45       1972
3708         92       1982
 380         29       1995
2428         59       1977
1404         41       1966
3452         85       1999
 892         34       1951
2940         71       1993
1916         49       1963
3964        101       1992
 252         27       1942
2300         57       1997
1276         39       1955
3324         81       1992
 764         33       1982
2812         68       1995
1788         47       1969
3836         97       1999
 508         30       1972
2556         62       1987
1532         43       1971
3580         88       1979
1020         36       1974
3068         74       1987
2044         52       1992
4092        105       1982
   2         25       1962
2050         52       1988
1026         36       1970
3074         74       1983
 514         30       1967
2562         62       1983
1538         43       1966
3586         89       1998
 258         27       1938
2306         57       1992
1282         40       2000
