258         28       1994
2306         57       1980
1282         40       1985
3330         82       2000
 770         33 3650         91       1986
 322         28       1946
2370         58       1968
1346         41       1987
3394         83       1979
 834         34       1973
2882         70       1991
1858         49       1987
3906        100       2000
 194         27       1962
2242         56       1986
1218         39       1976
3266         80       1993
 706         32       1942
2754         67       1991
1730         47       1993
3778         95       1984
 450         30       1993
2498         61       1981
1474         43       1994
3522         87       1985
 962         36       1995
3010         73       1986
1986         51       1978
4034        104       1991
  34         26       2000
2082         53       1988
1058         37       1985
3106         76       2000
 546         31       1992
2594         63       1979
1570         44       1974
3618         90       1986
 290         28       1969
2338         58       1990
1314         40       1962
3362         82       1977
 802         34       1996
2850         69       1984
1826         48       1969
3874         98       1980
 162         27       1986
2210         55       1973
1186         39       2000
3234         79       1990
 674         32       1966
2722         66       1984
1698         46       1973
3746         94       1985
 418         29       1950
2466         60       1970
1442         42       1971
3490         86       1983
 930         35       1963
2978         72       1981
1954         51       2000
4002        103       1993
  98         26       1956
2146         54       1981
1122         38       1993
3170         77       1982
 610         31       1947
2658         65       1997
1634         45       1974
3682         92       1986
 354         29       1993
2402         59       1980
1378         41       1967
3426         84       1980
 866         34       1951
2914         71       1997
1890         49       1965
3938        101       1997
 226         27       1942
2274         57       2000
1250         39       1955
3298         81       1996
 738         33       1982
2786         68       1998
1762         47       1970
3810         96       1983
 482         30       1972
2530         62       1991
1506         43       1973
3554         88       1985
 994         36       1974
3042         74       1991
2018         52       1994
4066        105       1988
  18         25       1934
2066         53       1999
1042         37       1996
3090         75       1985
 530         30       1939
2578         63       1989
1554         44       1985
3602         90       1996
 274         28       1980
2322         57       1967
1298         40       1972
3346         82       1987
 786         33       1949
2834         69       1994
1810         48       1979
3858         98       1991
 146         27       1997
2194         55       1984
1170         38       1960
3218         78       1976
 658         32       1977
2706         66       1994
1682         46       1983
3730         94       1996
 402         29       1960
2450         60       1980
1426         42       1982
3474         86       1994
 914         35       1974
2962         72       1991
1938         50       1972
3986        102       1984
  82         26       1965
2130         54       1990
1106         37       1950
3154         77       1992
 594         31       1957
2642         64       1975
1618         45       1982
3666         92       1996
 338         28       1934
2386         59       1990
1362         41       1976
3410         84       1991
 850         34       1961
2898         70       1978
1874         49       1975
3922        100       1987
 210         27       1951
2258         56       1974
1234         39       1964
3282         80       1980
 722         33       1991
2770         67       1978
1746         47       1979
3794         96       1992
 466         30       1980
2514         62       2000
1490         43       1982
3538         88       1994
 978         36       1983
3026         74       2000
2002         51       1966
4050        105       1996
  50         26       1985
2098         53       1975
1074         37       1971
3122         76       1987
 562         31       1978
2610         64       1996
1586         44       1960
3634         91       1995
 306         28       1955
2354         58       1978
1330         41       1998
3378         83       1987
 818         34       1982
2866         70       2000
1842         49       1995
3890         99       1988
 178         27       1972
2226         56       1996
1202         39       1985
3250         79       1977
 690         32       1952
2738         67       1999
1714         46       1958
3762         95       1993
 434         29       1935
2482         61       1989
1458         42       1956
3506         87       1993
 946         35       1949
2994         73       1995
1970         51       1987
4018        104       1999
 114         26       1944
2162         54       1969
1138         38       1980
3186         78       1996
 626         32       1998
2674         65       1984
1650         45       1961
3698         93       1995
 370         29       1982
2418         59       1968
1394         41       1955
3442         85       1991
 882         35       1996
2930         71       1985
1906         50       1992
3954        101       1985
 242         27       1930
2290         57       1988
1266         40       1993
3314         81       1983
 754         33       1970
2802         68       1986
1778         48       2000
3826         97       1992
 498         30       1959
2546         62       1978
1522         43       1960
3570         89       1995
1010         36       1962
3058         74       1979
2034         52       1982
4082        106       1993
  10         25       1938
2058         52       1965
1034         36       1947
3082         75       1988
 522         30       1943
2570         63       1993
1546         44       1989
3594         90       2000
 266         28       1984
2314         57       1971
1290         40       1976
3338         82       1991
 778         33       1953
2826         69       1998
1802         48       1983
3850         98       1995
 138         26       1928
2186         55       1989
1162         38       1964
3210         78       1979
 650         32       1981
2698         66       1998
1674         46       1988
3722         94       1999
 394         29       1965
2442         60       1984
1418         42       1985
3466         86       1998
 906         35       1979
2954         72       1995
1930         50       1975
3978        102       1988
  74         26       1968
2122         54       1995
1098         37       1953
3146         77       1995
 586         31       1960
2634         64       1979
1610         45       1986
3658         92       2000
 330         28       1937
2378         59       1993
1354         41       1979
3402         84       1994
 842         34       1964
2890         70       1982
1866         49       1978
3914        100       1990
 202         27       1954
2250         56       1978
1226         39       1968
3274         80       1984
 714         33       1994
2762         67       1982
1738         47       1983
3786         96       1996
 458         30       1984
2506         61       1972
1482         43       1985
3530         88       1998
 970         36       1986
3018         73       1978
1994         51       1969
4042        104       1982
  42         26       1991
2090         53       1979
1066         37       1976
3114         76       1991
 554         31       1982
2602         63       1969
1578         44       1964
3626         91       1998
 298         28       1959
2346         58       1981
1322         40       1953
3370         83       1991
 810         34       1987
2858         69       1975
1834         49       2000
3882         99       1992
 170         27       1976
2218         56       2000
1194         39       1990
3242         79       1981
 682         32       1956
2730         66       1974
1706         46       1963
3754         95       1997
 426         29       1940
2474         61       1993
1450         42       1961
3498         87       1997
 938         35       1954
2986         73       1999
1962         51       1991
4010        103       1984
 106         26       1947
2154         54       1972
1130         38       1984
3178         78       2000
 618         31       1939
2666         65       1988
1642         45       1965
3690         93       1999
 362         29       1985
2410         59       1972
1386         41       1959
3434         85       1995
 874         35       2000
2922         71       1988
1898         50       1996
3946        101       1989
 234         27       1933
2282         57       1991
1258         40       1996
3306         81       1986
 746         33       1973
2794         68       1989
1770         47       1961
3818         97       1994
 490         30       1963
2538         62       1982
1514         43       1963
3562         89       1998
1002         36       1965
3050         74       1982
2026         52       1985
4074        106       1997
  26         25       1925
2074         53       1989
1050         37       1986
3098         75       1975
 538         31       1994
2586         63       1980
1562         44       1975
3610         90       1987
 282         28       1970
2330         58       1992
1306         40       1963
3354         82       1978
 794         34       1998
2842         69       1985
1818         48       1970
3866         98       1982
 154         27       1987
2202         55       1975
1178         38       1950
3226         79       1991
 666         32       1968
2714         66       1985
1690         46       1974
3738         94       1986
 410         29       1951
2458         60       1971
1434         42       1972
3482         86       1984
 922         35       1964
2970         72       1982
1946         50       1963
3994        103       1994
  90         26       1957
2138         54       1981
1114         38       1993
3162         77       1984
 602         31       1949
2650         65       1997
1626         45       1974
3674         92       1987
 346         29       1995
2394         59       1980
1370         41       1967
3418         84       1981
 858         34       1952
2906         71       1997
1882         49       1965
3930        101       1998
 218         27       1942
2266         57       2000
1242         39       1955
3290         81       1997
 730         33       1983
2778         68       1999
1754         47       1971
3802         96       1984
 474         30       1972
2522         62       1991
1498         43       1973
3546         88       1985
 986         36       1975
3034         74       1992
2010         52       1995
4058        105       1989
  58         26       1977
2106         53       1966
1082         37       1961
3130         76       1978
 570         31       1969
2618         64       1987
1594         45       1995
3642         91       1986
 314         28       1946
2362         58       1969
1338         41       1988
3386         83       1979
 826         34       1972
2874         70       1990
1850         49       1987
3898        100       1999
 186         27       1962
2234         56       1986
1210         39       1976
3258         80       1993
 698         32       1942
2746         67       1991
1722         47       1992
3770         95       1984
 442         30       1993
2490         61       1980
1466         43       1994
3514         87       1984
 954         36       1996
3002         73       1986
1978         51       1978
4026        104       1991
 122         26       1935
2170         55       1997
1146         38       1973
3194         78       1987
 634         32       1990
2682         65       1976
1658         46       1997
3706         93       1987
 378         29       1974
2426         60       1993
1402         42       1994
3450         85       1983
 890         35       1988
2938         71       1976
1914         50       1984
3962        102       1996
 250         28       1993
2298         57       1979
1274         40       1984
3322         82       1999
 762         33       1962
2810         68       1977
1786         48       1992
3834         97       1983
 506         30       1951
2554         62       1969
1530         44       1997
3578         89       1986
1018         36       1954
3066         75       1997
2042         52       1973
4090        106       1985
   6         25       1938
2054         52       1965
1030         37       1999
3078         75       1988
 518         30       1943
2566         63       1993
1542         44       1989
3590         90       1999
 262         28       1984
2310         57       1970
1286         40       1976
3334         82       1990
 774         33       1953
2822         69       1998
1798         48       1983
3846         98       1994
 134         26       1928
2182         55       1988
1158         38       1963
3206         78       1979
 646         32       1981
2694         66       1997
1670         46       1987
3718         94       1999
 390         29       1965
2438         60       1983
1414         42       1985
3462         86       1996
 902         35       1978
2950         72       1994
1926         50       1975
3974        102       1987
  70         26       1967
2118         54       1994
1094         37       1952
3142         77       1994
 582         31       1960
2630         64       1978
1606         45       1986
3654         92       1999
 326         28       1936
2374         59       1993
1350         41       1978
3398         84       1993
 838         34       1963
2886         70       1981
1862         49       1977
3910        100       1990
 198         27       1954
2246         56       1978
1222         39       1967
3270         80       1983
 710         33       1994
2758         67       1982
1734         47       1983
3782         96       1996
 454         30       1983
2502         61       1971
1478         43       1985
3526         88       1998
 966         36       1986
3014         73       1977
1990         51       1968
4038        105       2000
  38         26       1990
2086         53       1979
1062         37       1975
3110         76       1991
 550         31       1982
2598         63       1969
1574         44       1964
3622         91       1998
 294         28       1959
2342         58       1982
1318         40       1952
3366         83       1992
 806         34       1986
2854         69       1974
1830         49       2000
3878         99       1992
 166         27       1976
2214         56       2000
1190         39       1990
3238         79       1981
 678         32       1956
2726         66       1974
1702         46       1964
3750         95       1997
 422         29       1940
2470         61       1993
1446         42       1961
3494         87       1997
 934         35       1954
2982         73       1999
1958         51       1991
4006        103       1983
 102         26       1947
2150         54       1972
1126         38       1984
3174         78       1999
 614         31       1939
2662         65       1988
1638         45       1965
3686         93       1999
 358         29       1984
2406         59       1971
1382         41       1958
3430         85       1995
 870         35       1999
2918         71       1987
1894         50       1996
3942        101       1988
 230         27       1933
2278         57       1991
1254         40       1996
3302         81       1986
 742         33       1972
2790         68       1989
1766         47       1962
3814         97       1995
 486         30       1963
2534         62       1981
1510         43       1964
3558         89       1997
 998         36       1965
3046         74       1982
2022         52       1985
4070        106       1997
  22         25       1924
2070         53       1990
1046         37       1986
3094         75       1975
 534         31       1994
2582         63       1979
1558         44       1976
3606         90       1987
 278         28       1970
2326         58       1991
1302         40       1963
3350         82       1978
 790         34       1998
2838         69       1984
1814         48       1970
3862         98       1982
 150         27       1988
2198         55       1975
1174         38       1950
3222         79       1991
 662         32       1967
2710         66       1984
1686         46       1974
3734         94       1986
 406         29       1952
2454         60       1971
1430         42       1972
3478         86       1984
 918         35       1965
2966         72       1982
1942         50       1962
3990        103       1994
  86         26       1956
2134         54       1982
1110         38       1994
3158         77       1983
 598         31       1948
2646         65       1997
1622         45       1974
3670         92       1987
 342         29       1994
2390         59       1981
1366         41       1967
3414         84       1981
 854         34       1952
2902         71       1997
1878         49       1965
3926        101       1998
 214         27       1942
2262         56       1965
1238         39       1955
3286         81       1996
 726         33       1982
2774         68       1999
1750         47       1971
3798         96       1983
 470         30       1971
2518         62       1991
1494         43       1973
3542         88       1985
 982         36       1974
3030         74       1992
2006         52       1995
4054        105       1988
  54         26       1977
2102         53       1966
1078         37       1961
3126         76       1978
 566         31       1970
2614         64       1988
1590         45       1996
3638         91       1986
 310         28       1946
2358         58       1969
1334         41       1988
3382         83       1979
 822         34       1973
2870         70       1990
1846         49       1986
3894        100       1999
 182         27       1963
2230         56       1986
1206         39       1977
3254         80       1993
 694         32       1943
2742         67       1991
1718         47       1992
3766         95       1983
 438         30       1993
2486         61       1980
1462         43       1995
3510         87       1984
 950         36       1996
2998         73       1986
1974         51       1977
4022        104       1990
 118         26       1936
2166         55       1996
1142         38       1972
3190         78       1987
 630         32       1989
2678         65       1976
1654         46       1996
3702         93       1986
 374         29       1973
2422         60       1992
1398         42       1994
3446         85       1982
 886         35       1987
2934         71       1975
1910         50       1983
3958        102       1996
 246         28       1993
2294         57       1978
1270         40       1984
3318         82       1999
 758         33       1961
2806         68       1976
1782         48       1991
3830         97       1983
 502         30       1951
2550         62       1970
1526         44       1997
3574         89       1986
1014         36       1954
3062         75       1996
2038         52       1973
4086        106       1985
  14         25       1929
2062         53       1994
1038         37       1991
3086         75       1980
 526         31       1999
2574         63       1984
1550         44       1980
3598         90       1991
 270         28       1975
2318         58       1996
1294         40       1967
3342         82       1982
 782         33       1944
2830         69       1990
1806         48       1974
3854         98       1986
 142         27       1993
2190         55       1979
1166         38       1955
3214         79       1996
 654         32       1972
2702         66       1989
1678         46       1980
3726         94       1991
 398         29       1957
2446         60       1976
1422         42       1978
3470         86       1989
 910         35       1970
2958         72       1986
1934         50       1967
3982        103       1998
  78         26       1960
2126         54       1986
1102         38       1997
3150         77       1987
 590         31       1952
2638         64       1971
1614         45       1978
3662         92       1991
 334         29       1999
2382         59       1985
1358         41       1971
3406         84       1986
 846         34       1956
2894         70       1974
1870         49       1970
3918        100       1982
 206         27       1946
2254         56       1970
1230         39       1960
3278         80       1976
 718         33       1986
2766         67       1974
1742         47       1975
3790         96       1988
 462         30       1975
2510         62       1996
1486         43       1977
3534         88       1990
 974         36       1979
3022         74       1996
1998         52       1999
4046        105       1993
  46         26       1982
2094         53       1971
1070         37       1966
3118         76       1983
 558         31       1974
2606         64       1992
1582         44       1956
3630         91       1991
 302         28       1951
2350         58       1973
1326         41       1993
3374         83       1983
 814         34       1978
2862         70       1995
1838         49       1992
3886         99       1984
 174         27       1968
2222         56       1992
1198         39       1982
3246         80       1998
 686         32       1948
2734         67       1996
1710         47       1997
3758         95       1988
 430         30       1998
2478         61       1985
1454         43       1999
3502         87       1989
 942         35       1946
2990         73       1990
1966         51       1982
4014        104       1994
 110         26       1940
2158         54       1965
1134         38       1976
3182         78       1991
 622         32       1994
2670         65       1979
1646         46       2000
3694         93       1991
 366         29       1977
2414         60       1996
1390         42       1998
3438         85       1987
 878         35       1992
2926         71       1980
1902         50       1988
3950        102       1999
 238         28       1997
2286         57       1983
1262         40       1988
3310         81       1978
 750         33       1965
2798         68       1981
1774         48       1995
3822         97       1987
 494         30       1955
2542         62       1973
1518         43       1956
3566         89       1990
1006         36       1958
3054         74       1974
2030         52       1977
4078        106       1989
  30         26       1993
2078         53       1981
1054         37       1978
3102         76       1994
 542         31       1986
2590         63       1972
1566         44       1967
3614         90       1979
 286         28       1963
2334         58       1984
1310         40       1955
3358         83       1994
 798         34       1990
2846         69       1977
1822         48       1962
3870         99       1994
 158         27       1980
2206         55       1967
1182         39       1993
3230         79       1983
 670         32       1959
2718         66       1976
1694         46       1967
3742         95       1999
 414         29       1943
2462         61       1996
1438         42       1965
3486         87       2000
 926         35       1956
2974         72       1974
1950         51       1994
3998        103       1986
  94         26       1949
2142         54       1974
1118         38       1986
3166         77       1975
 606         31       1941
2654         65       1990
1630         45       1966
3678         92       1979
 350         29       1987
2398         59       1973
1374         41       1961
3422         85       1997
 862         34       1945
2910         71       1989
1886         50       1998
3934        101       1990
 222         27       1935
2270         57       1993
1246         40       1998
3294         81       1988
 734         33       1975
2782         68       1992
1758         47       1964
3806         97       1997
 478         30       1965
2526         62       1984
1502         43       1965
3550         89       2000
 990         36       1968
3038         74       1985
2014         52       1988
4062        106       1999
  62         26       1968
2110         54       1995
1086         37       1953
3134         77       1996
 574         31       1961
2622         64       1979
1598         45       1987
3646         92       2000
 318         28       1938
2366         59       1995
1342         41       1980
3390         84       1994
 830         34       1965
2878         70       1982
1854         49       1978
3902        100       1991
 190         27       1954
2238         56       1979
1214         39       1968
3262         80       1984
 702         33       1994
2750         67       1983
1726         47       1984
3774         96       1996
 446         30       1985
2494         61       1972
1470         43       1986
3518         88       1999
 958         36       1987
3006         73       1978
1982         51       1970
4030        104       1982
 126         26       1928
2174         55       1989
1150         38       1965
3198         78       1979
 638         32       1982
2686         66       1998
1662         46       1988
3710         94       2000
 382         29       1965
2430         60       1984
1406         42       1986
3454         86       1998
 894         35       1979
2942         72       1995
1918         50       1976
3966        102       1987
 254         28       1985
2302         57       1971
1278         40       1977
3326         82       1991
 766         33       1953
2814         69       1998
1790         48       1983
3838         98       1995
 510         30       1943
2558         63       1993
1534         44       1990
3582         90       2000
1022         37       2000
3070         75       1989
2046         52       1965
4094        107       1996
   1         25       1935
2049         52       1963
1025         37       1998
3073         75       1986
 513         30       1941
2561         63       1990
1537         44       1987
3585         90       1997
 257         28       1983
2305         57       1968
1281         40       1975
3329         82       1988
 769         33       1951
2817         69       1996
1793         48       1980
3841         98       1993
 129         27       2000
2177         55       1986
1153         38       1962
3201         78       1976
 641         32       1979
2689         66       1995
1665         46       1986
3713         94       1997
 385         29       1963
2433         60       1982
1409         42       1984
3457         86       1995
 897         35       1977
2945         72       1992
1921         50       1974
3969        102       1986
  65         26       1965
2113         54       1991
1089         37       1950
3137         77       1993
 577         31       1957
2625         64       1976
1601         45       1984
3649         92       1996
 321         28       1934
2369         59       1991
1345         41       1976
3393         84       1992
 833         34       1962
2881         70       1979
1857         49       1975
3905        100       1988
 193         27       1952
2241         56       1975
1217         39       1965
3265         80       1982
 705         33       1991
2753         67       1980
1729         47       1981
3777         96       1993
 449         30       1981
2497         61       1969
1473         43       1983
3521         88       1995
 961         36       1984
3009         73       1975
1985         51       1967
4033        105       1999
  33         26       1989
2081         53       1977
1057         37       1974
3105         76       1989
 545         31       1981
2593         64       1998
1569         44       1962
3617         91       1997
 289         28       1957
2337         58       1980
1313         41       1999
3361         83       1990
 801         34       1985
2849         69       1973
1825         49       1998
3873         99       1990
 161         27       1974
2209         56       1998
1185         39       1988
3233         79       1979
 673         32       1955
2721         66       1972
1697         46       1961
3745         95       1995
 417         29       1938
2465         61       1991
1441         42       1960
3489         87       1995
 929         35       1952
2977         73       1997
1953         51       1989
4001        103       1982
  97         26       1945
2145         54       1970
1121         38       1982
3169         78       1997
 609         32       1999
2657         65       1985
1633         45       1963
3681         93       1997
 353         29       1982
2401         59       1969
1377         41       1956
3425         85       1993
 865         35       1997
2913         71       1985
1889         50       1994
3937        101       1986
 225         27       1930
2273         57       1989
1249         40       1993
3297         81       1984
 737         33       1970
2785         68       1987
1761         47       1959
3809         97       1993
 481         30       1960
2529         62       1979
