   0         25       1976
2048         51       1969
1024         36       1987
3072         73       1976
 512         30       1984
2560         61       1971
1536         43       1984
3584         88       1996
 256         27       1953
2304         56       1976
1280         39       1967
3328         80       1983
 768         33       1992
2816         67       1980
1792         47       1981
3840         96       1995
 128         26       1965
2176         54       1991
1152         37       1949
3200         77       1993
 640         31       1957
2688         64       1975
1664         45       1983
3712         92       1995
 384         28       1934
2432         59       1989
1408         41       1976
3456         84       1989
 896         34       1959
2944         70       1976
1920         49       1973
3968        100       1986
  64         25       1926
2112         53       1993
1088         37       1989
3136         75       1979
 576         31       1995
2624         63       1983
1600         44       1977
3648         90       1992
 320         28       1971
2368         58       1995
1344         40       1965
3392         82       1982
 832         34       1998
2880         69       1988
1856         48       1971
3904         98       1985
 192         27       1987
2240         55       1977
1216         38       1950
3264         79       1994
 704         32       1967
2752         66       1987
1728         46       1975
3776         94       1989
 448         29       1950
2496         60       1973
1472         42       1972
3520         86       1987
 960         35       1964
3008         72       1984
1984         50       1963
4032        103       1997
  32         25       1946
2080         52       1975
1056         36       1955
3104         75       1999
 544         30       1951
2592         62       1971
1568         44       1997
3616         89       1988
 288         28       1992
2336         57       1980
1312         40       1985
3360         81       1976
 800         33       1960
2848         68       1979
1824         48       1992
3872         97       1985
 160         26       1934
2208         55       1996
1184         38       1971
3232         78       1989
 672         32       1988
2720         65       1976
1696         46       1996
3744         93       1987
 416         29       1972
2464         60       1993
1440         42       1993
3488         85       1983
 928         35       1986
2976         71       1975
1952         50       1983
4000        102       1996
  96         26       1976
2144         53       1965
1120         37       1962
3168         76       1979
 608         31       1968
2656         64       1987
1632         45       1995
3680         91       1986
 352         28       1945
2400         58       1967
1376         41       1987
3424         83       1978
 864         34       1971
2912         70       1990
1888         49       1986
3936        100       1999
 224         27       1961
2272         56       1985
1248         39       1975
3296         80       1993
 736         32       1941
2784         67       1990
1760         47       1990
3808         95       1984
 480         30       1991
2528         61       1979
1504         43       1993
3552         87       1983
 992         36       1994
3040         73       1984
2016         51       1976
4064        104       1989
  16         25       1953
2064         52       1981
1040         36       1962
3088         74       1979
 528         30       1958
2576         62       1978
1552         43       1959
3600         89       1994
 272         28       2000
2320         57       1986
1296         40       1993
3344         81       1983
 784         33       1968
2832         68       1985
1808         48       1998
3856         97       1991
 144         26       1942
2192         54       1968
1168         38       1979
3216         78       1995
 656         32       1996
2704         65       1983
1680         45       1960
3728         93       1994
 400         29       1979
2448         60       2000
1424         41       1954
3472         85       1991
 912         35       1994
2960         71       1983
1936         50       1991
3984        101       1984
  80         26       1983
2128         53       1973
1104         37       1968
3152         76       1985
 592         31       1975
2640         64       1995
1616         44       1957
3664         91       1993
 336         28       1952
2384         58       1974
1360         41       1994
3408         83       1986
 848         34       1979
2896         70       1996
1872         49       1992
3920         99       1985
 208         27       1968
2256         56       1993
1232         39       1982
3280         80       1999
 720         32       1948
2768         67       1997
1744         47       1998
3792         95       1990
 464         30       1998
2512         61       1986
1488         43       1999
3536         87       1990
 976         35       1945
3024         73       1991
2000         51       1983
4048        104       1996
  48         25       1926
2096         53       1992
1072         37       1989
3120         75       1979
 560         31       1995
2608         63       1983
1584         44       1977
3632         90       1991
 304         28       1972
2352         58       1995
1328         40       1965
3376         82       1981
 816         34       1999
2864         69       1988
1840         48       1972
3888         98       1985
 176         27       1989
2224         55       1978
1200         38       1951
3248         79       1995
 688         32       1968
2736         66       1988
1712         46       1976
3760         94       1989
 432         29       1952
2480         60       1974
1456         42       1974
3504         86       1988
 944         35       1966
2992         72       1985
1968         50       1964
4016        103       1997
 112         26       1960
2160         54       1986
1136         38       1997
3184         77       1987
 624         31       1952
2672         64       1970
1648         45       1978
3696         92       1991
 368         29       1998
2416         59       1985
1392         41       1972
3440         84       1985
 880         34       1955
2928         70       1973
1904         49       1969
3952        100       1982
 240         27       1945
2288         56       1969
1264         39       1959
3312         80       1976
 752         33       1986
2800         67       1973
1776         47       1974
3824         96       1987
 496         30       1975
2544         62       1994
1520         43       1976
3568         88       1988
1008         36       1979
3056         74       1995
2032         52       1998
4080        105       1992
   8         25       1954
2056         52       1981
1032         36       1962
3080         74       1979
 520         30       1959
2568         62       1978
1544         43       1960
3592         89       1994
 264         28       2000
2312         57       1987
1288         40       1993
3336         81       1983
 776         33       1968
2824         68       1985
1800         48       1999
3848         97       1991
 136         26       1943
2184         54       1969
1160         38       1980
3208         78       1996
 648         32       1998
2696         65       1984
1672         45       1961
3720         93       1995
 392         29       1980
2440         60       2000
1416         41       1954
3464         85       1991
 904         35       1995
2952         71       1984
1928         50       1991
3976        101       1985
  72         26       1984
2120         53       1973
1096         37       1968
3144         76       1986
 584         31       1976
2632         64       1995
1608         44       1958
3656         91       1994
 328         28       1953
2376         58       1975
1352         41       1995
3400         83       1986
 840         34       1980
2888         70       1997
1864         49       1994
3912         99       1987
 200         27       1970
2248         56       1993
1224         39       1983
3272         79       1976
 712         32       1949
2760         67       1999
1736         47       2000
3784         95       1991
 456         30       2000
2504         61       1988
1480         42       1955
3528         87       1991
 968         35       1947
3016         73       1993
1992         51       1985
4040        104       1998
  40         25       1929
2088         53       1995
1064         37       1991
3112         75       1981
 552         31       1998
2600         63       1986
1576         44       1980
3624         90       1993
 296         28       1975
2344         58       1998
1320         40       1968
3368         82       1984
 808         33       1944
2856         69       1991
1832         48       1975
3880         98       1988
 168         27       1992
2216         55       1980
1192         38       1954
3240         79       1997
 680         32       1971
2728         66       1990
1704         46       1979
3752         94       1992
 424         29       1955
2472         60       1976
1448         42       1976
3496         86       1991
 936         35       1969
2984         72       1987
1960         50       1967
4008        103       2000
 104         26       1962
2152         54       1988
1128         38       1999
3176         77       1989
 616         31       1954
2664         64       1972
1640         45       1980
3688         92       1993
 360         29       2000
2408         59       1987
1384         41       1974
3432         84       1987
 872         34       1957
2920         70       1975
1896         49       1971
3944        100       1985
 232         27       1948
2280         56       1971
1256         39       1962
3304         80       1978
 744         33       1988
2792         67       1976
1768         47       1976
3816         96       1990
 488         30       1978
2536         62       1997
1512         43       1979
3560         88       1991
1000         36       1980
3048         74       1997
2024         51       1962
4072        105       1994
  24         25       1940
2072         52       1967
1048         36       1947
3096         75       1991
 536         30       1945
2584         63       1996
1560         44       1991
3608         89       1981
 280         28       1986
2328         57       1973
1304         40       1978
3352         82       1994
 792         33       1954
2840         69       2000
1816         48       1985
3864         98       1998
 152         26       1929
2200         55       1991
1176         38       1965
3224         78       1982
 664         32       1982
2712         66       2000
1688         46       1990
3736         93       1981
 408         29       1966
2456         60       1987
1432         42       1987
3480         86       2000
 920         35       1980
2968         72       1997
1944         50       1977
3992        102       1990
  88         26       1971
2136         54       1998
1112         37       1956
3160         77       1999
 600         31       1963
2648         64       1981
1624         45       1990
3672         91       1981
 344         28       1940
2392         59       1996
1368         41       1983
3416         84       1997
 856         34       1967
2904         70       1984
1880         49       1981
3928        100       1994
 216         27       1957
2264         56       1980
1240         39       1970
3288         80       1987
 728         33       1998
2776         67       1985
1752         47       1987
3800         96       1999
 472         30       1987
2520         61       1975
1496         43       1989
3544         87       1978
 984         36       1990
3032         73       1981
2008         51       1972
4056        104       1985
  56         26       1992
2104         53       1982
1080         37       1976
3128         76       1994
 568         31       1984
2616         63       1971
1592         44       1966
3640         90       1980
 312         28       1961
2360         58       1983
1336         40       1954
3384         83       1994
 824         34       1988
2872         69       1977
1848         48       1961
3896         99       1995
 184         27       1977
2232         55       1967
1208         39       1991
3256         79       1983
 696         32       1957
2744         66       1977
1720         46       1965
3768         95       2000
 440         29       1941
2488         61       1995
1464         42       1963
3512         87       1999
 952         35       1955
3000         72       1974
1976         51       1993
4024        103       1986
 120         26       1951
2168         54       1976
1144         38       1987
3192         77       1977
 632         31       1943
2680         65       1991
1656         45       1968
3704         92       1981
 376         29       1989
2424         59       1974
1400         41       1961
3448         85       1998
 888         34       1945
2936         71       1991
1912         50       1999
3960        101       1991
 248         27       1936
2296         57       1994
1272         40       2000
3320         81       1990
 760         33       1976
2808         68       1992
1784         47       1965
3832         97       1998
 504         30       1966
2552         62       1984
1528         43       1966
3576         88       1978
1016         36       1968
3064         74       1985
2040         52       1987
4088        106       2000
   4         25       1952
2052         52       1980
1028         36       1960
3076         74       1976
 516         30       1957
2564         62       1976
1540         43       1958
3588         89       1992
 260         28       1999
2308         57       1985
1284         40       1991
3332         81       1981
 772         33       1968
2820         68       1984
1796         48       1997
3844         97       1989
 132         26       1942
2180         54       1967
1156         38       1978
3204         78       1994
 644         32       1996
2692         65       1982
1668         45       1958
3716         93       1993
 388         29       1980
2436         60       1998
1412         41       1953
3460         85       1988
 900         35       1993
2948         71       1982
1924         50       1990
3972        101       1983
  68         26       1981
2116         53       1971
1092         37       1967
3140         76       1984
 580         31       1974
2628         64       1993
1604         45       2000
3652         91       1992
 324         28       1950
2372         58       1973
1348         41       1993
3396         83       1985
 836         34       1978
2884         70       1996
1860         49       1992
3908         99       1984
 196         27       1968
2244         56       1992
1220         39       1981
3268         80       1998
 708         32       1947
2756         67       1996
1732         47       1998
3780         95       1990
 452         30       1998
2500         61       1986
1476         43       1999
3524         87       1990
 964         35       1945
3012         73       1991
1988         51       1983
4036        104       1996
  36         25       1927
2084         53       1993
1060         37       1989
3108         75       1979
 548         31       1997
2596         63       1984
1572         44       1978
3620         90       1991
 292         28       1974
2340         58       1996
1316         40       1966
3364         82       1982
 804         33       1942
2852         69       1989
1828         48       1973
3876         98       1986
 164         27       1990
2212         55       1979
1188         38       1953
3236         79       1995
 676         32       1970
2724         66       1988
1700         46       1977
3748         94       1991
 420         29       1954
2468         60       1975
1444         42       1976
3492         86       1989
 932         35       1968
2980         72       1986
1956         50       1966
4004        103       1998
 100         26       1960
2148         54       1986
1124         38       1998
3172         77       1988
 612         31       1953
2660         64       1971
1636         45       1979
3684         92       1992
 356         29       1999
2404         59       1985
1380         41       1972
3428         84       1985
 868         34       1956
2916         70       1973
1892         49       1970
3940        100       1983
 228         27       1947
2276         56       1970
1252         39       1960
3300         80       1976
 740         33       1986
2788         67       1974
1764         47       1976
3812         96       1988
 484         30       1977
2532         62       1995
1508         43       1978
3556         88       1990
 996         36       1979
3044         74       1996
2020         52       1999
4068        105       1993
  20         25       1939
2068         52       1966
1044         36       1947
3092         75       1990
 532         30       1944
2580         63       1994
1556         44       1990
3604         89       1979
 276         28       1985
2324         57       1972
1300         40       1978
3348         82       1992
 788         33       1954
2836         69       1999
1812         48       1984
3860         98       1997
 148         26       1928
2196         55       1989
1172         38       1964
3220         78       1981
 660         32       1982
2708         66       1999
1684         46       1988
3732         93       1980
 404         29       1965
2452         60       1986
1428         42       1987
3476         86       1998
 916         35       1979
2964         72       1996
1940         50       1977
3988        102       1989
  84         26       1970
2132         54       1996
1108         37       1954
3156         77       1997
 596         31       1962
2644         64       1980
1620         45       1987
3668         91       1979
 340         28       1939
2388         59       1995
1364         41       1981
3412         84       1995
 852         34       1965
2900         70       1983
1876         49       1979
3924        100       1992
 212         27       1956
2260         56       1980
1236         39       1969
3284         80       1986
 724         33       1996
2772         67       1983
1748         47       1985
3796         96       1998
 468         30       1986
2516         61       1973
1492         43       1987
3540         88       2000
 980         36       1989
3028         73       1979
2004         51       1970
4052        104       1983
  52         26       1991
2100         53       1980
1076         37       1976
3124         76       1992
 564         31       1983
2612         63       1970
1588         44       1965
3636         91       2000
 308         28       1960
2356         58       1983
1332         40       1954
3380         83       1993
 820         34       1987
2868         69       1976
1844         48       1960
3892         99       1993
 180         27       1977
2228         55       1965
1204         39       1991
3252         79       1983
 692         32       1956
2740         66       1975
1716         46       1964
3764         95       1998
 436         29       1941
2484         61       1995
1460         42       1962
3508         87       1998
 948         35       1954
2996         73       2000
1972         51       1992
4020        103       1985
 116         26       1949
2164         54       1975
1140         38       1986
3188         77       1975
 628         31       1941
2676         65       1989
1652         45       1967
3700         93       2000
 372         29       1987
2420         59       1973
1396         41       1960
3444         85       1996
 884         34       1945
2932         71       1989
1908         50       1998
3956        101       1990
 244         27       1935
2292         57       1993
1268         40       1998
3316         81       1988
 756         33       1975
2804         68       1991
1780         47       1963
3828         97       1997
 500         30       1965
2548         62       1983
1524         43       1965
3572         89       2000
1012         36       1967
3060         74       1984
2036         52       1987
4084        106       2000
  12         25       1943
2060         52       1970
1036         36       1951
3084         75       1994
 524         30       1948
2572         63       1998
1548         44       1995
3596         89       1983
 268         28       1990
2316         57       1976
1292         40       1982
3340         82       1997
 780         33       1958
2828         68       1974
1804         48       1988
3852         97       1980
 140         26       1933
2188         55       1993
1164         38       1968
3212         78       1984
 652         32       1986
2700         65       1973
1676         46       1993
3724         93       1984
 396         29       1970
2444         60       1989
1420         42       1991
3468         85       1979
 908         35       1983
2956         72       2000
1932         50       1981
3980        102       1993
  76         26       1973
2124         54       1999
1100         37       1958
3148         76       1975
 588         31       1965
2636         64       1984
1612         45       1991
3660         91       1983
 332         28       1943
2380         59       1999
1356         41       1985
3404         84       1999
 844         34       1970
2892         70       1987
1868         49       1983
3916        100       1996
 204         27       1960
2252         56       1983
1228         39       1973
3276         80       1989
 716         33       1999
2764         67       1988
1740         47       1989
3788         95       1981
 460         30       1989
2508         61       1977
1484         43       1990
3532         87       1981
 972         36       1992
3020         73       1982
1996         51       1974
4044        104       1987
  44         26       1996
2092         53       1984
1068         37       1980
3116         76       1997
 556         31       1988
2604         63       1975
1580         44       1969
3628         90       1982
 300         28       1965
2348         58       1987
1324         40       1957
3372         83       1997
 812         34       1992
2860         69       1980
1836         48       1964
3884         99       1997
 172         27       1982
2220         55       1969
1196         39       1995
3244         79       1986
 684         32       1961
2732         66       1979
1708         46       1968
3756         94       1981
 428         29       1944
2476         61       1998
1452         42       1967
3500         86       1979
 940         35       1959
2988         72       1977
1964         51       1996
4012        103       1990
 108         26       1953
2156         54       1978
1132         38       1990
3180         77       1979
 620         31       1944
2668         65       1993
1644         45       1971
3692         92       1983
 364         29       1990
2412         59       1977
1388         41       1964
3436         84       1977
 876         34       1948
2924         71       1993
1900         49       1962
3948        101       1994
 236         27       1939
2284         57       1997
1260         39       1952
3308         81       1992
 748         33       1978
2796         68       1995
1772         47       1967
3820         97       2000
 492         30       1968
2540         62       1987
1516         43       1969
3564         88       1981
1004         36       1971
3052         74       1987
2028         52       1991
4076        105       1984
  28         25       1930
2076         53       1995
1052         37       1991
3100         75       1981
 540         31       1999
2588         63       1985
1564         44       1981
3612         90       1992
 284         28       1976
2332         58       1998
1308         40       1969
3356         82       1984
 796         33       1945
2844         69       1990
1820         48       1975
3868         98       1987
 156         27       1993
2204         55       1981
1180         38       1955
3228         79       1997
 668         32       1972
2716         66       1990
1692         46       1979
3740         94       1992
 412         29       1957
2460         60       1976
1436         42       1977
3484         86       1990
 924         35       1970
2972         72       1988
1948         50       1967
3996        103       1999
  92         26       1962
2140         54       1988
1116         38       1999
3164         77       1989
 604         31       1954
2652         64       1972
1628         45       1980
3676         92       1993
 348         29       2000
2396         59       1986
1372         41       1973
3420         84       1987
 860         34       1957
2908         70       1975
1884         49       1971
3932        100       1984
 220         27       1948
2268         56       1971
1244         39       1961
3292         80       1977
 732         33       1988
2780         67       1975
1756         47       1977
3804         96       1989
 476         30       1978
2524         62       1997
1500         43       1979
3548         88       1990
 988         36       1981
3036         74       1997
2012         51       1963
4060        105       1994
  60         26       1982
2108         53       1971
1084         37       1966
3132         76       1984
 572         31       1975
2620         64       1993
1596         45       2000
3644         91       1992
 316         28       1951
2364         58       1974
1340         41       1993
3388         83       1984
 828         34       1978
2876         70       1995
1852         49       1992
3900         99       1984
 188         27       1968
2236         56       1992
1212         39       1981
3260         80       1998
 700         32       1947
2748         67       1997
1724         47       1997
3772         95       1989
 444         30       1998
2492         61       1985
1468         43       1999
3516         87       1990
 956         35       1945
3004         73       1992
1980         51       1983
4028        104       1995
 124         26       1941
2172         54       1966
1148         38       1978
3196         78       1992
 636         32       1995
2684         65       1981
1660         45       1958
3708         93       1992
 380         29       1979
2428         60       1998
1404         42       2000
3452         85       1988
 892         35       1993
2940         71       1981
1916         50       1990
3964        101       1982
 252         28       1998
2300         57       1984
1276         40       1990
3324         81       1980
 764         33       1966
2812         68       1983
1788         48       1996
3836         97       1988
 508         30       1957
2556         62       1975
1532         43       1957
3580         89       1991
1020         36       1959
3068         74       1975
2044         52       1978
4092        106       1990
   2         25       1946
2050         52       1974
1026         36       1955
3074         75       1998
 514         30       1952
2562         62       1971
1538         44       1998
3586         89       1987
