108         77       1992
 548         31       1958
2596         64       1975
1572         45       1983
3620         92    0         26       1990
2048         53       1980
1024         37       1978
3072         76       1992
 512         31       1985
2560         63       1971
1536         44       1966
3584         91       1999
 256         28       1962
2304         58       1982
1280         40       1954
3328         83       1993
 768         34       1989
2816         69       1975
1792         48       1960
3840         99       1993
 128         27       1979
2176         55       1966
1152         39       1993
3200         79       1982
 640         32       1958
2688         66       1975
1664         46       1966
3712         95       1998
 384         29       1943
2432         61       1994
1408         42       1964
3456         87       1997
 896         35       1956
2944         73       2000
1920         51       1991
3968        103       1984
  64         26       1944
2112         54       1970
1088         38       1982
3136         78       1998
 576         32       1998
2624         65       1986
1600         45       1962
3648         93       1997
 320         29       1982
2368         59       1969
1344         41       1954
3392         85       1994
 832         35       1996
2880         71       1986
1856         50       1994
3904        101       1986
 192         27       1929
2240         57       1989
1216         40       1993
3264         81       1985
 704         33       1969
2752         68       1987
1728         47       1959
3776         97       1993
 448         30       1960
2496         62       1980
1472         43       1961
3520         89       1997
 960         36       1962
3008         74       1981
1984         52       1984
4032        106       1996
  32         26       1967
2080         54       1993
1056         37       1952
3104         77       1994
 544         31       1959
2592         64       1977
1568         45       1986
3616         92       1997
 288         28       1937
2336         59       1993
1312         41       1978
3360         84       1993
 800         34       1964
2848         70       1980
1824         49       1977
3872        100       1990
 160         27       1954
2208         56       1977
1184         39       1968
3232         80       1983
 672         33       1994
2720         67       1981
1696         47       1983
3744         96       1995
 416         30       1984
2464         61       1971
1440         43       1985
3488         88       1997
 928         36       1986
2976         73       1976
1952         51       1968
4000        105       1999
  96         27       1998
2144         55       1985
1120         38       1961
3168         78       1976
 608         32       1978
2656         66       1995
1632         46       1985
3680         94       1997
 352         29       1961
2400         60       1981
1376         42       1982
3424         86       1995
 864         35       1975
2912         72       1992
1888         50       1972
3936        102       1985
 224         28       1980
2272         57       1968
1248         40       1973
3296         82       1988
 736         33       1949
2784         69       1995
1760         48       1979
3808         98       1992
 480         30       1939
2528         63       1990
1504         44       1986
3552         90       1998
 992         37       1996
3040         75       1985
2016         53       2000
4064        107       1993
  16         26       1979
2064         53       1966
1040         37       1964
3088         76       1979
 528         31       1971
2576         64       1988
1552         45       1998
3600         91       1987
 272         28       1949
2320         58       1970
1296         41       1989
3344         83       1980
 784         34       1976
2832         70       1991
1808         49       1988
3856        100       2000
 144         27       1965
2192         56       1989
1168         39       1980
3216         80       1994
 656         32       1945
2704         67       1992
1680         47       1995
3728         95       1986
 400         30       1996
2448         61       1982
1424         43       1997
3472         87       1985
 912         36       1999
2960         73       1988
1936         51       1979
3984        104       1991
  80         26       1934
2128         55       1996
1104         38       1970
3152         78       1987
 592         32       1988
2640         65       1975
1616         46       1995
3664         93       1987
 336         29       1971
2384         60       1992
1360         42       1993
3408         85       1983
 848         35       1987
2896         71       1975
1872         50       1983
3920        102       1996
 208         28       1991
2256         57       1979
1232         40       1983
3280         82       2000
 720         33       1961
2768         68       1977
1744         48       1991
3792         97       1983
 464         30       1950
2512         62       1970
1488         44       1998
3536         89       1987
 976         36       1953
3024         75       1997
2000         52       1974
4048        106       1986
  48         26       1956
2096         54       1983
1072         38       1994
3120         77       1983
 560         31       1949
2608         65       1998
1584         45       1975
3632         92       1987
 304         29       1995
2352         59       1982
1328         41       1967
3376         84       1983
 816         34       1953
2864         71       1998
1840         49       1967
3888        101       1999
 176         27       1943
2224         56       1967
1200         39       1957
3248         81       1998
 688         33       1983
2736         68       2000
1712         47       1973
3760         96       1985
 432         30       1973
2480         62       1993
1456         43       1974
3504         88       1987
 944         36       1976
2992         74       1993
1968         52       1996
4016        105       1990
 112         27       1989
2160         55       1976
1136         38       1951
3184         79       1992
 624         32       1969
2672         66       1985
1648         46       1976
3696         94       1987
 368         29       1953
2416         60       1972
1392         42       1973
3440         86       1986
 880         35       1967
2928         72       1983
1904         50       1964
3952        103       1995
 240         28       1972
2288         58       1993
1264         40       1964
3312         82       1979
 752         34       2000
2800         69       1986
1776         48       1971
3824         98       1983
 496         31       1995
2544         63       1981
1520         44       1977
3568         90       1988
1008         37       1987
3056         75       1976
2032         53       1990
4080        107       1983
   8         26       1986
2056         53       1974
1032         37       1970
3080         76       1986
 520         31       1979
2568         64       1995
1544         44       1959
3592         91       1993
 264         28       1955
2312         58       1976
1288         41       1996
3336         83       1986
 776         34       1982
2824         70       1997
1800         49       1994
3848         99       1986
 136         27       1972
2184         56       1995
1160         39       1986
3208         80       1999
 648         32       1951
2696         67       1997
1672         46       1959
3720         95       1992
 392         29       1935
2440         61       1986
1416         42       1957
3464         87       1991
 904         35       1948
2952         73       1993
1928         51       1984
3976        104       1997
  72         26       1939
2120         55       2000
1096         38       1976
3144         78       1991
 584         32       1992
2632         65       1979
1608         46       1999
3656         93       1991
 328         29       1975
2376         60       1996
1352         42       1996
3400         85       1987
 840         35       1991
2888         71       1979
1864         50       1987
3912        102       2000
 200         28       1995
2248         57       1983
1224         40       1987
3272         81       1979
 712         33       1964
2760         68       1981
1736         48       1994
3784         97       1986
 456         30       1953
2504         62       1974
1480         43       1955
3528         89       1991
 968         36       1956
3016         74       1974
1992         52       1977
4040        106       1990
  40         26       1960
2088         54       1985
1064         38       1998
3112         77       1987
 552         31       1952
2600         64       1970
1576         45       1978
3624         92       1990
 296         29       1998
2344         59       1985
1320         41       1970
3368         84       1986
 808         34       1956
2856         71       2000
1832         49       1969
3880        100       1982
 168         27       1946
2216         56       1969
1192         39       1959
3240         81       2000
 680         33       1986
2728         67       1974
1704         47       1975
3752         96       1987
 424         30       1975
2472         62       1995
1448         43       1977
3496         88       1989
 936         36       1979
2984         74       1995
1960         52       1998
4008        105       1992
 104         27       1990
2152         55       1978
1128         38       1953
3176         79       1994
 616         32       1970
2664         66       1987
1640         46       1978
3688         94       1990
 360         29       1954
2408         60       1973
1384         42       1975
3432         86       1987
 872         35       1968
2920         72       1985
1896         50       1964
3944        103       1996
 232         28       1973
2280         58       1994
1256         40       1965
3304         82       1980
 744         34       2000
2792         69       1987
1768         48       1971
3816         98       1984
 488         31       1996
2536         63       1982
1512         44       1978
3560         90       1989
1000         37       1988
3048         75       1977
2024         53       1991
4072        107       1985
  24         26       1969
2072         54       1995
1048         37       1955
3096         77       1996
 536         31       1963
2584         64       1980
1560         45       1989
3608         92       1999
 280         28       1939
2328         59       1995
1304         41       1980
3352         84       1995
 792         34       1967
2840         70       1982
1816         49       1979
3864        100       1991
 152         27       1956
2200         56       1980
1176         39       1970
3224         80       1985
 664         33       1997
2712         67       1983
1688         47       1986
3736         96       1997
 408         30       1987
2456         61       1972
1432         43       1988
3480         88       1999
 920         36       1989
2968         73       1978
1944         51       1970
3992        104       1982
  88         27       1999
2136         55       1986
1112         38       1962
3160         78       1977
 600         32       1979
2648         66       1996
1624         46       1986
3672         94       1998
 344         29       1963
2392         60       1983
1368         42       1984
3416         86       1997
 856         35       1977
2904         72       1994
1880         50       1974
3928        102       1987
 216         28       1982
2264         57       1969
1240         40       1974
3288         82       1989
 728         33       1951
2776         69       1997
1752         48       1981
3800         98       1993
 472         30       1940
2520         63       1991
1496         44       1987
3544         90       1998
 984         37       1998
3032         75       1987
2008         52       1964
4056        107       1994
  56         26       1945
2104         54       1970
1080         38       1982
3128         78       1998
 568         32       2000
2616         65       1987
1592         45       1963
3640         93       1998
 312         29       1983
2360         59       1971
1336         41       1956
3384         85       1995
 824         35       1998
2872         71       1987
1848         50       1995
3896        101       1987
 184         27       1931
2232         57       1990
1208         40       1995
3256         81       1986
 696         33       1971
2744         68       1989
1720         47       1961
3768         97       1994
 440         30       1961
2488         62       1981
1464         43       1962
3512         89       1998
 952         36       1964
3000         74       1982
1976         52       1985
4024        106       1996
 120         27       1978
2168         56       2000
1144         39       1991
3192         79       1981
 632         32       1958
2680         66       1974
1656         46       1964
3704         95       1997
 376         29       1942
2424         61       1994
1400         42       1963
3448         87       1997
 888         35       1956
2936         73       1999
1912         51       1991
3960        103       1983
 248         28       1960
2296         58       1982
1272         40       1953
3320         83       1991
 760         34       1989
2808         69       1974
1784         48       1960
3832         99       1992
 504         31       1984
2552         63       1969
1528         44       1965
3576         91       1998
1016         37       1976
3064         76       1991
2040         53       1979
4088        108       1990
   4         26       1983
2052         53       1970
1028         37       1967
3076         76       1983
 516         31       1976
2564         64       1992
1540         44       1957
3588         91       1990
 260         28       1952
2308         58       1973
1284         41       1993
3332         83       1983
 772         34       1980
2820         70       1994
1796         49       1992
3844         99       1983
 132         27       1970
2180         56       1992
1156         39       1983
3204         80       1998
 644         32       1950
2692         67       1995
1668         47       1999
3716         95       1989
 388         30       2000
2436         61       1985
1412         43       2000
3460         87       1989
 900         35       1947
2948         73       1990
1924         51       1983
3972        104       1995
  68         26       1936
2116         55       1998
1092         38       1973
3140         78       1989
 580         32       1991
2628         65       1977
1604         46       1997
3652         93       1988
 324         29       1974
2372         60       1995
1348         42       1993
3396         85       1985
 836         35       1989
2884         71       1977
1860         50       1986
3908        102       1998
 196         28       1993
2244         57       1981
1220         40       1985
3268         81       1977
 708         33       1962
2756         68       1979
1732         48       1993
3780         97       1985
 452         30       1951
2500         62       1971
1476         44       1999
3524         89       1989
 964         36       1954
3012         75       1998
1988         52       1976
4036        106       1988
  36         26       1959
2084         54       1984
1060         38       1996
3108         77       1985
 548         31       1951
2596         65       1999
1572         45       1977
3620         92       1989
 292         29       1997
2340         59       1984
1316         41       1968
3364         84       1984
 804         34       1955
2852         71       1999
1828         49       1968
3876        101       2000
 164         27       1944
2212         56       1968
1188         39       1958
3236         81       1999
 676         33       1985
2724         67       1971
1700         47       1973
3748         96       1986
 420         30       1975
2468         62       1994
1444         43       1976
3492         88       1988
 932         36       1978
2980         74       1994
1956         52       1997
4004        105       1990
 100         27       1989
2148         55       1977
1124         38       1952
3172         79       1993
 612         32       1969
2660         66       1986
1636         46       1976
3684         94       1988
 356         29       1953
2404         60       1973
1380         42       1974
3428         86       1986
 868         35       1967
2916         72       1983
1892         50       1964
3940        103       1996
 228         28       1972
2276         58       1993
1252         40       1964
3300         82       1980
 740         34       2000
2788         69       1986
1764         48       1971
3812         98       1983
 484         31       1995
2532         63       1982
1508         44       1977
3556         90       1989
 996         37       1987
3044         75       1976
2020         53       1990
4068        107       1984
  20         26       1969
2068         54       1994
1044         37       1955
3092         77       1996
 532         31       1962
2580         64       1979
1556         45       1988
3604         92       1998
 276         28       1939
2324         59       1993
1300         41       1979
3348         84       1994
 788         34       1966
2836         70       1981
1812         49       1978
3860        100       1990
 148         27       1956
2196         56       1979
1172         39       1969
3220         80       1985
 660         33       1996
2708         67       1982
1684         47       1985
3732         96       1997
 404         30       1986
2452         61       1971
1428         43       1986
3476         88       1998
 916         36       1988
2964         73       1977
1940         51       1970
3988        105       2000
  84         27       1998
2132         55       1986
1108         38       1961
3156         78       1977
 596         32       1978
2644         66       1995
1620         46       1985
3668         94       1998
 340         29       1961
2388         60       1982
1364         42       1982
3412         86       1996
 852         35       1976
2900         72       1993
1876         50       1973
3924        102       1986
 212         28       1981
2260         57       1968
1236         40       1973
3284         82       1989
 724         33       1950
2772         69       1996
1748         48       1980
3796         98       1993
 468         30       1939
2516         63       1991
1492         44       1986
3540         90       1998
 980         37       1997
3028         75       1987
2004         53       2000
4052        107       1994
  52         26       1945
2100         54       1970
1076         38       1983
3124         78       1998
 564         32       2000
2612         65       1986
1588         45       1963
3636         93       1998
 308         29       1983
2356         59       1970
1332         41       1956
3380         85       1995
 820         35       1998
2868         71       1987
1844         50       1995
3892        101       1987
 180         27       1932
2228         57       1990
1204         40       1994
3252         81       1986
 692         33       1971
2740         68       1989
1716         47       1961
3764         97       1994
 436         30       1961
2484         62       1981
1460         43       1962
3508         89       1997
 948         36       1964
2996         74       1981
1972         52       1984
4020        106       1997
 116         27       1978
2164         56       2000
1140         39       1991
3188         79       1981
 628         32       1957
2676         66       1974
1652         46       1964
3700         95       1997
 372         29       1941
2420         61       1993
1396         42       1962
3444         87       1997
 884         35       1955
2932         73       1999
1908         51       1990
3956        103       1983
 244         28       1960
2292         58       1981
1268         40       1952
3316         83       1991
 756         34       1988
2804         69       1974
1780         49       2000
3828         99       1991
 500         31       1983
2548         64       2000
1524         44       1965
3572         91       1997
1012         37       1975
3060         76       1991
2036         53       1979
4084        108       1991
  12         26       1973
2060         54       1998
1036         37       1958
3084         77       2000
 524         31       1966
2572         64       1983
1548         45       1993
3596         91       1981
 268         28       1944
2316         59       1998
1292         41       1984
3340         84       1999
 780         34       1970
2828         70       1985
1804         49       1983
3852        100       1995
 140         27       1961
2188         56       1983
1164         39       1974
3212         80       1988
 652         32       1941
2700         67       1987
1676         47       1990
3724         95       1980
 396         30       1991
2444         61       1976
1420         43       1991
3468         87       1980
 908         36       1994
2956         73       1982
1932         51       1974
3980        104       1987
  76         26       1928
2124         55       1990
1100         38       1966
3148         78       1981
 588         32       1983
2636         66       1999
1612         46       1989
3660         93       1981
 332         29       1965
2380         60       1987
1356         42       1987
3404         85       1978
 844         35       1981
2892         72       1998
1868         50       1978
3916        102       1990
 204         28       1985
2252         57       1973
1228         40       1978
3276         82       1993
 716         33       1955
2764         68       1972
1740         48       1985
3788         98       1998
 460         30       1944
2508         63       1996
1484         44       1991
3532         89       1981
 972         36       1947
3020         75       1991
1996         52       1967
4044        107       1999
  44         26       1950
2092         54       1976
1068         38       1988
3116         77       1978
 556         31       1943
2604         65       1992
1580         45       1969
3628         92       1980
 300         29       1989
2348         59       1976
1324         41       1961
3372         85       1999
 812         34       1947
2860         71       1991
1836         50       2000
3884        101       1992
 172         27       1937
2220         57       1995
1196         40       1999
3244         81       1991
 684         33       1977
2732         68       1993
1708         47       1966
3756         97       1998
 428         30       1967
2476         62       1986
1452         43       1967
3500         88       1980
 940         36       1969
2988         74       1986
1964         52       1989
4012        105       1982
 108         27       1982
2156         55       1969
1132         39       1995
3180         79       1984
 620         32       1961
2668         66       1978
1644         46       1968
3692         94       1981
 364         29       1945
2412         61       1998
1388         42       1966
3436         86       1978
 876         35       1959
2924         72       1976
1900         51       1996
3948        103       1988
 236         28       1964
2284         58       1986
1260         40       1956
3308         83       1996
 748         34       1992
2796         69       1979
1772         48       1963
3820         99       1996
 492         31       1987
2540         63       1973
1516         44       1969
3564         90       1980
1004         37       1979
3052         76       1995
2028         53       1982
4076        108       1995
  28         26       1961
2076         54       1986
1052         38       1999
3100         77       1988
 540         31       1954
2588         64       1971
1564         45       1980
3612         92       1991
 284         29       1999
2332         59       1986
1308         41       1971
3356         84       1986
 796         34       1957
2844         70       1973
1820         49       1970
3868        100       1982
 156         27       1947
2204         56       1970
1180         39       1961
3228         80       1976
 668         33       1987
2716         67       1974
1692         47       1977
3740         96       1988
 412         30       1977
2460         62       1996
1436         43       1978
3484         88       1990
 924         36       1980
2972         74       1996
1948         52       2000
3996        105       1993
  92         27       1990
2140         55       1978
1116         38       1953
3164         79       1994
 604         32       1970
2652         66       1988
1628         46       1977
3676         94       1990
 348         29       1955
2396         60       1975
1372         42       1975
3420         86       1989
 860         35       1969
2908         72       1985
1884         50       1966
3932        103       1998
 220         28       1974
2268         58       1995
1244         40       1966
3292         82       1982
 732         33       1943
2780         69       1989
1756         48       1973
3804         98       1985
 476         31       1997
2524         63       1984
1500         44       1979
3548         90       1991
 988         37       1989
3036         75       1978
2012         53       1993
4060        107       1986
  60         26       1937
2108         55       1999
1084         38       1974
3132         78       1990
 572         32       1992
2620         65       1978
1596         46       1999
3644         93       1989
 316         29       1975
2364         60       1996
1340         42       1995
3388         85       1986
 828         35       1990
2876         71       1979
1852         50       1986
3900        102       1999
 188         28       1994
2236         57       1982
1212         40       1986
3260         81       1978
 700         33       1963
2748         68       1981
1724         48       1994
3772         97       1985
 444         30       1953
2492         62       1973
1468         44       2000
3516         89       1989
 956         36       1955
3004         75       2000
1980         52       1976
4028        106       1989
 124         27       1970
2172         56       1993
1148         39       1984
3196         80       1998
 636         32       1950
2684         67       1996
1660         47       2000
3708         95       1990
 380         29       1934
2428         61       1986
1404         42       1955
3452         87       1989
 892         35       1948
2940         73       1991
1916         51       1984
3964        104       1995
 252         28       1953
2300         58       1974
1276         41       1994
3324         83       1984
 764         34       1980
2812         70       1995
1788         49       1993
3836         99       1985
 508         31       1977
2556         64       1992
1532         44       1958
3580         91       1990
1020         37       1968
3068         76       1983
2044         53       1971
4092        108       1983
   2         26       1979
2050         53       1967
1026         37       1965
3074         76       1979
 514         31       1972
2562         64       1988
1538         45       1998
3586         91       1986
 258         28       1949
2306         58       1970
1282         41       1990
3330         83       1980
 770         34       1977
2818         70       1991
1794         49       1988
3842        100       2000
 130         27       1966
2178         56       1989
1154         39       1980
3202         80       1994
 642         32       1946
2690         67       1991
1666         47       1995
3714         95       1985
 386         30       1997
2434         61       1981
1410         43       1997
3458         87       1985
 898         36       2000
2946         73       1987
1922         51       1980
3970        104       1991
  66         26       1933
2114         55       1995
1090         38       1970
3138         78       1986
 578         32       1988
2626         65       1973
1602         46       1994
3650         93       1985
 322         29       1970
2370         60       1992
1346         42       1990
3394         85       1982
 834         35       1985
2882         71       1974
1858         50       1982
3906        102       1995
 194         28       1989
2242         57       1977
1218         40       1981
3266         82       1998
 706         33       1958
2754         68       1976
1730         48       1989
3778         97       1982
 450         30       1949
2498         62       1969
1474         44       1995
3522         89       1985
 962         36       1952
3010         75       1996
1986         52       1972
4034        106       1984
  34         26       1955
2082         54       1981
1058         38       1993
3106         77       1982
 546         31       1948
2594         65       1996
1570         45       1973
3618         92       1985
 290         29       1994
2338         59       1980
1314         41       1966
3362         84       1981
 802         34       1952
2850         71       1996
1826         49       1965
3874        101       1997
 162         27       1942
2210         56       1965
1186         39       1955
3234         81       1995
 674         33       1982
2722         68       1998
1698         47       1971
3746         96       1983
 418         30       1972
2466         62       1990
1442         43       1973
3490         88       1984
 930         36       1974
2978         74       1990
1954         52       1994
4002        105       1987
  98         27       1985
2146         55       1973
1122         39       1999
3170         79       1989
 610         32       1965
2658         66       1982
1634         46       1972
3682         94       1984
 354         29       1949
2402         60       1969
1378         42       1970
3426         86       1983
 866         35       1964
2914         72       1979
1890         51       2000
3938        103       1992
 226         28       1969
2274         58       1990
1250         40       1960
3298         83       2000
 738         34       1996
2786         69       1983
1762         48       1968
3810         99       2000
 482         31       1992
2530         63       1978
1506         44       1974
3554         90       1984
 994         37       1983
3042         76       1999
2018         53       1987
4066        108       1999
  18         26       1966
2066         54       1991
1042         37       1951
3090         77       1992
 530         31       1959
2578         64       1975
1554         45       1985
3602         92       1995
 274         28       1935
2322         59       1991
1298         41       1976
3346         84       1991
 786         34       1963
2834         70       1978
1810         49       1975
3858        100       1987
 146         27       1953
2194         56       1976
1170         39       1966
3218         80       1981
 658         33       1993
2706         67       1980
1682         47       1982
3730         96       1993
 402         30       1983
2450         61       1969
1426         43       1984
3474         88       1995
 914         36       1986
2962         73       1974
1938         51       1966
3986        105       1997
  82         27       1995
2130         55       1983
1106         38       1958
3154         79       1999
 594         32       1976
2642         66       1992
1618         46       1983
3666         94       1994
 338         29       1959
2386         60       1979
1362         42       1979
3410         86       1993
 850         35       1973
2898         72       1991
1874         50       1970
3922        102       1983
 210         28       1978
2258         57       1966
1234         40       1971
3282         82       1986
 722         33       1948
2770         69       1994
1746         48       1978
3794         98       1990
 466         30       1938
2514         63       1988
1490         44       1985
3538         90       1996
 978         37       1994
3026         75       1984
2002         53       1998
4050        107       1992
  50         26       1943
2098         54       1968
1074         38       1980
3122         78       1996
 562         32       1998
2610         65       1985
1586         45       1962
3634         93       1995
 306         29       1981
2354         59       1968
1330         41       1953
3378         85       1992
 818         35       1996
2866         71       1984
1842         50       1993
3890        101       1985
 178         27       1929
2226         57       1988
1202         40       1992
3250         81       1984
 690         33       1969
2738         68       1986
1714         48       2000
3762         97       1992
 434         30       1959
2482         62       1978
1458         43       1960
3506         89       1995
 946         36       1962
2994         74       1979
1970         52       1982
4018        106       1994
 114         27       1975
2162         56       1997
1138         39       1989
3186         79       1978
 626         32       1955
2674         66       1971
1650         46       1962
3698         95       1994
 370         29       1939
2418         61       1990
1394         42       1960
3442         87       1994
 882         35       1952
2930         73       1996
1906         51       1989
3954        104       2000
 242         28       1958
2290         58       1979
1266         41       1998
3314         83       1988
 754         34       1985
2802         70       2000
1778         49       1997
3826         99       1988
 498         31       1981
2546         64       1998
1522         44       1962
3570         91       1995
1010         37       1973
3058         76       1988
2034         53       1975
4082        108       1987
  10         26       1972
2058         54       1996
1034         37       1957
3082         77       1997
 522         31       1964
2570         64       1981
1546         45       1990
3594         92       2000
 266         28       1941
2314         59       1996
1290         41       1981
3338         84       1996
 778         34       1968
2826         70       1983
1802         49       1980
3850        100       1991
 138         27       1958
2186         56       1980
1162         39       1971
3210         80       1986
 650         33       1999
2698         67       1983
1674         47       1986
3722         96       1998
 394         30       1988
2442         61       1973
1418         43       1988
3466         88       1999
 906         36       1990
2954         73       1978
1930         51       1971
3978        104       1983
  74         27       1999
2122         55       1986
1098         38       1961
3146         78       1977
 586         32       1979
2634         66       1996
1610         46       1986
3658         94       1998
 330         29       1963
2378         60       1983
1354         42       1983
3402         86       1997
 842         35       1977
2890         72       1994
1866         50       1974
3914        102       1987
 202         28       1982
2250         57       1970
1226         40       1973
3274         82       1989
 714         33       1950
2762         69       1997
1738         48       1981
3786         98       1993
 458         30       1941
2506         63       1993
1482         44       1987
3530         90       2000
 970         37       1998
3018         75       1987
1994         52       1965
4042        107       1996
  42         26       1948
2090         54       1973
1066         38       1984
3114         78       2000
 554         31       1940
2602         65       1988
1578         45       1966
3626         93       1999
 298         29       1986
2346         59       1972
1322         41       1958
3370         85       1997
 810         34       1944
2858         71       1989
1834         50       1997
3882        101       1989
 170         27       1933
2218         57       1992
1194         40       1997
3242         81       1988
 682         33       1974
2730         68       1990
1706         47       1963
3754         97       1996
 426         30       1964
2474         62       1983
1450         43       1965
3498         89       2000
 938         36       1967
2986         74       1983
1962         52       1987
4010        106       1999
 106         27       1979
2154         55       1966
1130         39       1993
3178         79       1983
 618         32       1960
2666         66       1975
1642         46       1966
3690         95       1999
 362         29       1943
2410         61       1995
1386         42       1964
3434         87       1999
 874         35       1958
2922         73       2000
1898         51       1993
3946        103       1985
 234         28       1963
2282         58       1983
1258         40       1954
3306         83       1993
 746         34       1990
2794         69       1976
1770         48       1962
3818         99       1994
 490         31       1986
2538         63       1971
1514         44       1968
3562         91       2000
1002         37       1978
3050         76       1993
2026         53       1981
4074        108       1993
  26         26       1960
2074         54       1986
1050         38       1998
3098         77       1987
 538         31       1953
2586         64       1970
1562         45       1978
3610         92       1989
 282         29       1999
2330         59       1985
1306         41       1971
3354         84       1985
 794         34       1957
2842         70       1973
1818         49       1969
3866        100       1981
 154         27       1947
2202         56       1969
1178         39       1960
3226         81       2000
 666         33       1986
2714         67       1973
1690         47       1976
3738         96       1988
 410         30       1977
2458         62       1995
1434         43       1978
3482         88       1989
 922         36       1980
2970         74       1995
1946         52       1999
3994        105       1991
  90         27       1989
2138         55       1977
1114         38       1952
3162         79       1993
 602         32       1970
2650         66       1987
1626         46       1976
3674         94       1988
 346         29       1953
2394         60       1973
1370         42       1973
3418         86       1987
 858         35       1967
2906         72       1983
1882         50       1964
3930        103       1996
 218         28       1972
2266         58       1994
1242         40       1964
3290         82       1979
 730         34       2000
2778         69       1986
1754         48       1972
3802         98       1983
 474         31       1996
2522         63       1981
1498         44       1977
3546         90       1989
 986         37       1987
3034         75       1977
2010         53       1991
4058        107       1984
  58         26       1935
2106         55       1997
1082         38       1972
3130         78       1988
 570         32       1991
2618         65       1976
1594         46       1997
3642         93       1988
 314         29       1974
2362         60       1994
1338         42       1994
3386         85       1985
 826         35       1989
2874         71       1977
1850         50       1985
3898        102       1998
 186         28       1993
2234         57       1981
1210         40       1984
3258         81       1976
 698         33       1962
2746         68       1980
1722         48       1993
3770         97       1985
 442         30       1951
2490         62       1972
1466         44       1999
3514         89       1989
 954         36       1955
3002         75       1999
1978         52       1975
4026        106       1987
 122         27       1969
2170         56       1991
1146         39       1983
3194         80       1997
 634         32       1949
2682         67       1994
1658         47       1999
3706         95       1988
 378         30       1999
2426         61       1984
1402         43       2000
3450         87       1988
 890         35       1947
2938         73       1990
1914         51       1982
3962        104       1994
 250         28       1951
2298         58       1972
1274         41       1992
3322         83       1982
 762         34       1979
2810         70       1994
1786         49       1991
3834         99       1982
 506         31       1975
2554         64       1991
1530         44       1957
3578         91       1988
1018         37       1966
3066         76       1982
2042         53       1969
4090        109       2000
   6         26       1973
2054         54       1998
1030         37       1958
3078         77       2000
 518         31       1966
2566         64       1982
1542         45       1992
3590         91       1980
 262         28       1943
2310         59       1998
1286         41       1984
3334         84       1998
 774         34       1970
2822         70       1985
1798         49       1983
3846        100       1993
 134         27       1960
2182         56       1983
1158         39       1973
3206         80       1987
 646         32       1940
2694         67       1985
1670         47       1989
3718         96       2000
 390         30       1991
2438         61       1975
1414         43       1991
3462         87       1978
 902         36       1993
2950         73       1981
1926         51       1973
3974        104       1985
  70         26       1927
2118         55       1988
1094         38       1964
3142         78       1979
 582         32       1981
2630         66       1998
1606         46       1988
3654         94       2000
 326         29       1964
2374         60       1985
1350         42       1985
3398         86       1999
 838         35       1979
2886         72       1995
1862         50       1976
3910        102       1988
 198         28       1984
2246         57       1971
1222         40       1976
3270         82       1992
 710         33       1952
2758         69       1999
1734         48       1983
3782         98       1996
 454         30       1943
2502         63       1994
1478         44       1990
3526         89       1979
 966         37       1999
3014         75       1989
1990         52       1966
4038        107       1996
  38         26       1950
2086         54       1974
1062         38       1987
3110         77       1976
 550         31       1942
2598         65       1990
1574         45       1968
3622         92       1979
 294         29       1988
2342         59       1974
1318         41       1960
3366         85       1998
 806         34       1946
2854         71       1990
1830         50       1998
3878        101       1990
 166         27       1936
2214         57       1994
1190         40       1999
3238         81       1990
 678         33       1976
2726         68       1992
1702         47       1965
3750         97       1998
 422         30       1966
2470         62       1985
1446         43       1967
3494         88       1979
 934         36       1968
2982         74       1985
1958         52       1988
4006        106       2000
 102         27       1981
2150         55       1967
1126         39       1995
3174         79       1983
 614         32       1960
2662         66       1977
1638         46       1967
3686         94       1980
 358         29       1944
2406         61       1996
1382         42       1965
3430         87       2000
 870         35       1958
2918         72       1975
1894         51       1994
3942        103       1986
 230         28       1963
2278         58       1984
1254         40       1955
3302         83       1995
 742         34       1990
2790         69       1977
1766         48       1962
3814         99       1994
 486         31       1986
2534         63       1973
1510         44       1968
3558         90       1979
 998         37       1979
3046         76       1995
2022         53       1982
4070        108       1993
  22         26       1961
2070         54       1986
1046         38       1998
3094         77       1987
 534         31       1954
2582         64       1970
1558         45       1979
3606         92       1990
 278         29       2000
2326         59       1986
1302         41       1971
3350         84       1985
 790         34       1957
2838         70       1973
1814         49       1970
3862        100       1982
 150         27       1947
2198         56       1970
1174         39       1960
3222         81       2000
 662         33       1987
2710         67       1973
1686         47       1976
3734         96       1988
 406         30       1977
2454         62       1995
1430         43       1978
3478         88       1989
 918         36       1980
2966         74       1996
1942         52       2000
3990        105       1992
  86         27       1990
2134         55       1978
1110         38       1952
3158         79       1993
 598         32       1970
2646         66       1986
1622         46       1977
3670         94       1989
 342         29       1953
2390         60       1974
1366         42       1974
3414         86       1988
 854         35       1968
2902         72       1985
1878         50       1964
3926        103       1996
 214         28       1973
2262         58       1995
1238         40       1965
3286         82       1980
 726         34       2000
2774         69       1987
1750         48       1972
3798         98       1984
 470         31       1996
2518         63       1982
1494         44       1977
3542         90       1989
 982         37       1988
3030         75       1977
2006         53       1991
4054        107       1985
  54         26       1937
2102         55       1998
1078         38       1973
3126         78       1988
 566         32       1991
2614         65       1977
1590         46       1998
3638         93       1989
 310         29       1974
2358         60       1995
1334         42       1994
3382         85       1985
 822         35       1989
2870         71       1977
1846         50       1985
3894        102       1997
 182         28       1994
2230         57       1980
1206         40       1985
3254         81       1977
 694         33       1962
2742         68       1979
1718         48       1993
3766         97       1985
 438         30       1952
2486         62       1972
1462         44       1999
3510         89       1988
 950         36       1955
2998         75       1998
1974         52       1975
4022        106       1987
 118         27       1969
2166         56       1991
1142         39       1982
3190         80       1996
 630         32       1949
2678         67       1994
1654         47       1997
3702         95       1988
 374         30       1999
2422         61       1984
1398         43       1999
3446         87       1987
 886         35       1945
2934         73       1989
1910         51       1982
3958        104       1992
 246         28       1951
2294         58       1971
1270         41       1991
3318         83       1981
 758         34       1979
2806         70       1993
1782         49       1990
3830         99       1981
 502         31       1974
2550         64       1990
1526         45       2000
3574         91       1988
1014         37       1966
3062         76       1981
2038         53       1969
4086        109       1999
  14         26       1964
2062         54       1989
1038         37       1949
3086         77       1990
 526         31       1957
2574         64       1973
1550         45       1983
3598         92       1993
 270         28       1934
2318         59       1988
1294         41       1974
3342         84       1988
 782         34       1961
2830         70       1976
1806         49       1973
3854        100       1985
 142         27       1951
2190         56       1974
1166         39       1964
3214         80       1979
 654         33       1991
2702         67       1977
1678         47       1980
3726         96       1991
 398         30       1980
2446         62       1998
1422         43       1981
3470         88       1992
 910         36       1983
2958         74       1998
1934         51       1964
3982        105       1995
  78         27       1992
2126         55       1980
1102         38       1955
3150         79       1996
 590         32       1973
2638         66       1988
1614         46       1979
3662         94       1991
 334         29       1955
2382         60       1976
1358         42       1975
3406         86       1990
 846         35       1971
2894         72       1986
1870         50       1966
3918        103       1999
 206         28       1975
2254         58       1996
1230         40       1967
3278         82       1983
 718         33       1943
2766         69       1990
1742         48       1974
3790         98       1986
 462         31       1998
2510         63       1985
1486         44       1980
3534         90       1992
 974         37       1990
3022         75       1980
1998         53       1994
4046        107       1987
  46         26       1939
2094         54       1965
1070         38       1976
3118         78       1991
 558         32       1994
2606         65       1979
1582         45       1957
3630         93       1991
 302         29       1978
2350         60       1997
1326         42       1996
3374         85       1988
 814         35       1992
2862         71       1980
1838         50       1988
3886        102       2000
 174         28       1997
2222         57       1983
1198         40       1988
3246         81       1979
 686         33       1965
2734         68       1981
1710         48       1996
3758         97       1987
 430         30       1954
2478         62       1974
1454         43       1956
3502         89       1991
 942         36       1958
2990         74       1974
1966         52       1978
4014        106       1989
 110         27       1971
2158         56       1993
1134         39       1984
3182         80       1998
 622         32       1951
2670         67       1996
1646         47       2000
3694         95       1990
 366         29       1935
2414         61       1986
1390         42       1955
3438         87       1990
 878         35       1948
2926         73       1992
1902         51       1983
3950        104       1995
 238         28       1953
2286         58       1974
1262         41       1994
3310         83       1984
 750         34       1981
2798         70       1996
1774         49       1993
3822         99       1984
 494         31       1976
2542         64       1994
1518         44       1958
3566         91       1991
1006         37       1969
3054         76       1983
2030         53       1972
4078        108       1984
  30         26       1951
2078         54       1976
1054         38       1988
3102         77       1977
 542         31       1943
2590         65       1991
1566         45       1968
3614         92       1981
 286         29       1989
2334         59       1975
1310         41       1962
3358         85       2000
 798         34       1947
2846         71       1992
1822         50       2000
3870        101       1992
 158         27       1937
2206         57       1996
1182         39       1951
3230         81       1990
 670         33       1978
2718         68       1994
1694         47       1967
3742         97       1999
 414         30       1967
2462         62       1986
1438         43       1968
3486         88       1980
 926         36       1971
2974         74       1987
1950         52       1990
3998        105       1983
  94         27       1982
2142         55       1969
1118         39       1996
3166         79       1985
 606         32       1962
2654         66       1978
1630         46       1968
3678         94       1981
 350         29       1946
2398         61       1999
1374         42       1966
3422         86       1980
 862         35       1960
2910         72       1976
1886         51       1996
3934        103       1989
 222         28       1966
2270         58       1987
1246         40       1958
3294         83       1996
 734         34       1993
2782         69       1979
1758         48       1964
3806         99       1997
 478         31       1989
2526         63       1975
1502         44       1970
3550         90       1982
 990         37       1981
3038         76       1997
2014         53       1984
4062        108       1996
  62         26       1929
2110         55       1991
1086         38       1966
3134         78       1981
 574         32       1983
2622         66       2000
1598         46       1990
3646         93       1981
 318         29       1966
2366         60       1987
1342         42       1987
3390         85       1979
 830         35       1982
2878         72       1998
1854         50       1978
3902        102       1991
 190         28       1987
2238         57       1973
1214         40       1978
3262         82       1994
 702         33       1955
2750         68       1972
1726         48       1985
3774         98       1998
 446         30       1944
2494         63       1996
1470         44       1991
3518         89       1981
 958         36       1947
3006         75       1991
1982         52       1968
4030        107       1999
 126         27       1963
2174         56       1985
1150         39       1975
3198         80       1989
 638         32       1942
2686         67       1987
1662         47       1991
3710         95       1981
 382         30       1992
2430         61       1977
1406         43       1992
3454         87       1980
 894         36       1994
2942         73       1982
1918         51       1975
3966        104       1986
 254         28       1945
2302         59       1999
1278         41       1985
3326         84       1998
 766         34       1972
2814         70       1986
1790         49       1983
3838        100       1995
 510         31       1967
2558         64       1983
1534         45       1993
3582         91       1981
1022         37       1959
3070         77       2000
2046         54       1999
4094        109       1992
   1         26       1971
2049         54       1997
1025         37       1958
3073         77       1998
 513         31       1965
2561         64       1981
1537         45       1991
3585         92       2000
 257         28       1942
2305         59       1996
1281         41       1983
3329         84       1996
 769         34       1969
2817         70       1984
1793         49       1981
3841        100       1992
 129         27       1959
2177         56       1981
1153         39       1973
3201         80       1986
 641         33       1999
2689         67       1984
1665         47       1987
3713         96       1998
 385         30       1989
2433         61       1973
1409         43       1990
3457         88       1999
 897         36       1991
2945         73       1978
1921         51       1971
3969        104       1983
  65         27       1998
2113         55       1987
1089         38       1961
3137         78       1977
 577         32       1978
2625         66       1996
1601         46       1986
3649         94       1998
 321         29       1961
2369         60       1982
1345         42       1982
3393         86       1997
 833         35       1977
2881         72       1993
1857         50       1974
3905        102       1986
 193         28       1982
2241         57       1969
1217         40       1973
3265         82       1989
 705         33       1950
2753         69       1996
1729         48       1981
3777         98       1993
 449         30       1940
2497         63       1991
1473         44       1987
3521         90       1998
 961         37       1997
3009         75       1987
1985         52       1963
4033        107       1994
  33         26       1947
2081         54       1972
1057         38       1984
3105         78       1999
 545         31       1940
2593         65       1987
1569         45       1965
3617         93       1998
 289         29       1985
2337         59       1971
1313         41       1957
3361         85       1995
 801         35       2000
2849         71       1988
1825         50       1996
3873        101       1988
 161         27       1933
2209         57       1991
1185         40       1996
3233         81       1986
 673         33       1973
2721         68       1989
1697         47       1962
3745         97       1994
 417         30       1963
2465         62       1981
1441         43       1964
3489         89       1998
 929         36       1966
2977         74       1982
1953         52       1986
4001        106       1997
  97         27       1977
2145         56       2000
1121         39       1991
3169         79       1980
 609         32       1957
2657         66       1973
1633         46       1964
3681         95       1996
 353         29       1941
2401         61       1992
1377         42       1960
3425         87       1997
 865         35       1955
2913         73       1998
1889         51       1990
3937        103       1983
 225         28       1960
2273         58       1981
1249         40       1952
3297         83       1990
 737         34       1987
2785         59       1973
1761         49       2000
3809         99       1991
 481         31       1983
2529         64       1999
1505         44       1964
3553         91       1998
 993         37       1975
3041         76       1990
2017         53       1979
4065        108       1990
  17         26       1958
2065         54       1982
1041         38       1995
3089         77       1983
 529         31       1950
2577         65       1998
1553         45       1976
3601         92       1986
 273         29       1997
2321         59       1982
1297         41       1967
3345         84       1982
 785         34       1955
2833         71       1997
1809         49       1966
3857        101       1998
 145         27       1944
2193         56       1967
1169         39       1958
3217         81       1997
 657         33       1985
2705         68       1999
1681         47       1973
3729         96       1985
 401         30       1975
2449         62       1992
1425         43       1975
3473         88       1986
 913         36       1977
2961         74       1993
1937         52       1996
3985        105       1989
  81         27       1986
2129         55       1974
1105         39       2000
3153         79       1990
 593         32       1967
2641         66       1983
1617         46       1973
3665         94       1985
 337         29       1950
2385         60       1970
1361         42       1970
3409         86       1984
 849         35       1964
2897         72       1981
1873         50       1961
3921        103       1993
 209         28       1969
2257         58       1991
1233         40       1961
3281         82       1977
 721         34       1997
2769         69       1984
1745         48       1968
3793         98       1981
 465         31       1993
2513         63       1980
1489         44       1975
3537         90       1986
 977         37       1985
3025         75       1975
2001         53       1988
4049        108       2000
  49         26       1935
2097         55       1996
1073         38       1971
3121         78       1986
 561         32       1988
2609         65       1974
1585         46       1995
