114         80       1989
 554         32       1942
2602         67       1987
1578         47       1990
3626         95 1450         45       1993
3498         91       1982
 938         37       1959
2986         77       2000
1962         54       1999
4010        109       1992
 106         28       1989
2154         57       1975
1130         40       1980
3178         82       1994
 618         33       1958
2666         68       1972
1642         48       1988
3690         98       1998
 362         30       1947
2410         63       1997
1386         44       1993
3434         89       1982
 874         36       1950
2922         75       1991
1898         52       1969
3946        107       1999
 234         29       1969
2282         60       1988
1258         42       1989
3306         85       1978
 746         35       1984
2794         72       1998
1770         50       1979
3818        102       1990
 490         32       1985
2538         65       1971
1514         46       1993
3562         93       1981
1002         38       1967
3050         78       1982
2026         55       1992
4074        111       1984
  26         27       1971
2074         56       1994
1050         39       1986
3098         80       1999
 538         32       1952
2586         67       1997
1562         46       1958
3610         95       1990
 282         29       1936
2330         61       1986
1306         42       1955
3354         87       1991
 794         35       1950
2842         73       1992
1818         51       1984
3866        104       1995
 154         28       1955
2202         58       1975
1178         41       1996
3226         83       1984
 666         34       1982
2714         70       1996
1690         49       1994
3738         99       1985
 410         31       1977
2458         64       1994
1434         44       1959
3482         91       1992
 922         37       1970
2970         76       1984
1946         53       1973
3994        108       1984
  90         28       1998
2138         57       1984
1114         40       1989
3162         81       1979
 602         33       1967
2650         68       1981
1626         48       1997
3674         97       1987
 346         30       1956
2394         62       1974
1370         43       1956
3418         89       1991
 858         36       1960
2906         74       1975
1882         52       1978
3930        106       1989
 218         29       1979
2266         60       1998
1242         42       1998
3290         85       1987
 730         35       1993
2778         71       1980
1754         50       1988
3802        102       2000
 474         32       1995
2522         65       1980
1498         45       1958
3546         93       1991
 986         38       1977
3034         78       1992
2010         54       1965
4058        111       1994
  58         27       1947
2106         56       1970
1082         39       1961
3130         81       2000
 570         33       1988
2618         67       1973
1594         47       1976
3642         96       1988
 314         30       1977
2362         62       1996
1338         43       1977
3386         88       1990
 826         36       1981
2874         74       1996
1850         52       2000
3898        105       1992
 186         29       2000
2234         59       1986
1210         41       1970
3258         84       1985
 698         34       1958
2746         70       1973
1722         49       1970
3770        100       1981
 442         31       1954
2490         64       1972
1466         45       1980
3514         92       1991
 954         38       1998
3002         77       1988
1978         54       1986
4026        110       1998
 122         28       1978
2170         58       1997
1146         40       1969
3194         82       1982
 634         33       1947
2682         69       1989
1658         48       1976
3706         98       1987
 378         30       1937
2426         63       1985
1402         44       1982
3450         90       1992
 890         37       1994
2938         75       1980
1914         53       1996
3962        107       1988
 250         29       1958
2298         60       1976
1274         42       1977
3322         86       1989
 762         35       1973
2810         72       1987
1786         50       1968
3834        103       1998
 506         32       1975
2554         66       1989
1530         46       1981
3578         94       1990
1018         38       1957
3066         79       1995
2042         55       1980
4090        112       1991
   6         27       1985
2054         55       1971
1030         39       1999
3078         79       1987
 518         32       1966
2566         66       1980
1542         46       1972
3590         94       1981
 262         29       1949
2310         61       2000
1286         42       1969
3334         86       1981
 774         35       1964
2822         72       1977
1798         51       1998
3846        103       1990
 134         28       1968
2182         58       1988
1158         40       1961
3206         83       1997
 646         34       1996
2694         69       1981
1670         48       1967
3718         99       1998
 390         31       1992
2438         63       1975
1414         44       1973
3462         90       1982
 902         37       1983
2950         76       1997
1926         53       1986
3974        108       1997
  70         27       1938
2118         57       1996
1094         39       1952
3142         81       1990
 582         33       1979
2630         68       1994
1606         47       1967
3654         97       1999
 326         30       1968
2374         62       1986
1350         43       1967
3398         88       1982
 838         36       1972
2886         74       1987
1862         52       1990
3910        105       1982
 198         29       1990
2246         59       1975
1222         41       1961
3270         85       1999
 710         34       1948
2758         71       1992
1734         50       2000
3782        101       1992
 454         31       1944
2502         65       1993
1478         45       1970
3526         92       1982
 966         38       1989
3014         77       1978
1990         54       1977
4038        110       1988
  38         27       1961
2086         56       1983
1062         39       1974
3110         80       1988
 550         32       1942
2598         67       1986
1574         47       1990
3622         96       2000
 294         30       1991
2342         61       1977
1318         43       1991
3366         87       1980
 806         36       1996
2854         73       1982
1830         51       1974
3878        104       1986
 166         28       1945
2214         59       1999
1190         41       1985
3238         84       1999
 678         34       1972
2726         70       1986
1702         49       1984
3750        100       1995
 422         31       1967
2470         64       1984
1446         45       1994
3494         91       1982
 934         37       1959
2982         77       2000
1958         54       1999
4006        109       1993
 102         28       1989
2150         57       1974
1126         40       1981
3174         82       1994
 614         33       1958
2662         68       1972
1638         48       1988
3686         98       1998
 358         30       1947
2406         63       1997
1382         44       1993
3430         89       1982
 870         36       1951
2918         75       1992
1894         52       1969
3942        107       1999
 230         29       1969
2278         60       1989
1254         42       1989
3302         85       1978
 742         35       1985
2790         72       1999
1766         50       1980
3814        102       1991
 486         32       1986
2534         65       1971
1510         46       1993
3558         93       1982
 998         38       1969
3046         78       1983
2022         55       1993
4070        111       1986
  22         27       1973
2070         56       1995
1046         39       1987
3094         80       2000
 534         32       1954
2582         67       1999
1558         46       1961
3606         95       1991
 278         29       1938
2326         61       1989
1302         42       1957
3350         87       1992
 790         35       1953
2838         73       1994
1814         51       1987
3862        104       1997
 150         28       1958
2198         58       1978
1174         41       1998
3222         83       1987
 662         34       1984
2710         70       1998
1686         49       1997
3734         99       1987
 406         31       1980
2454         64       1997
1430         44       1961
3478         91       1994
 918         37       1972
2966         76       1987
1942         53       1975
3990        108       1986
  86         28       2000
2134         57       1986
1110         40       1992
3158         81       1981
 598         33       1969
2646         68       1984
1622         48       1999
3670         97       1990
 342         30       1959
2390         62       1976
1366         43       1958
3414         89       1994
 854         36       1962
2902         74       1977
1878         52       1980
3926        106       1992
 214         29       1981
2262         60       1999
1238         42       1999
3286         85       1989
 726         35       1995
2774         71       1982
1750         50       1991
3798        101       1982
 470         32       1997
2518         65       1982
1494         45       1961
3542         93       1993
 982         38       1978
3030         78       1993
2006         54       1967
4054        111       1996
  54         27       1949
2102         56       1972
1078         39       1963
3126         80       1977
 566         33       1990
2614         67       1975
1590         47       1978
3638         96       1990
 310         30       1979
2358         62       1997
1334         43       1979
3382         88       1992
 822         36       1983
2870         74       1998
1846         51       1963
3894        105       1993
 182         29       2000
2230         59       1986
1206         41       1972
3254         84       1987
 694         34       1959
2742         70       1974
1718         49       1972
3766        100       1983
 438         31       1955
2486         64       1973
1462         45       1981
3510         92       1992
 950         38       1999
2998         77       1989
1974         54       1987
4022        110       1999
 118         28       1978
2166         58       1999
1142         40       1970
3190         82       1983
 630         33       1948
2678         69       1990
1654         48       1977
3702         98       1988
 374         30       1937
2422         63       1986
1398         44       1982
3446         90       1993
 886         37       1994
2934         75       1981
1910         53       1996
3958        107       1988
 246         29       1959
2294         60       1977
1270         42       1978
3318         86       1991
 758         35       1974
2806         72       1988
1782         50       1969
3830        103       1999
 502         32       1975
2550         66       1990
1526         46       1982
3574         94       1992
1014         38       1958
3062         79       1997
2038         55       1981
4086        112       1991
  14         27       1978
2062         56       2000
1038         39       1992
3086         79       1980
 526         32       1959
2574         66       1974
1550         46       1965
3598         95       1996
 270         29       1942
2318         61       1993
1294         42       1961
3342         87       1997
 782         35       1958
2830         73       1998
1806         51       1991
3854        103       1983
 142         28       1961
2190         58       1982
1166         40       1954
3214         83       1991
 654         34       1989
2702         69       1974
1678         48       1961
3726         99       1992
 398         31       1985
2446         64       2000
1422         44       1966
3470         91       1998
 910         37       1977
2958         76       1990
1934         53       1979
3982        108       1990
  78         27       1932
2126         57       1990
1102         40       1996
3150         81       1984
 590         33       1973
2638         68       1988
1614         47       1962
3662         97       1993
 334         30       1962
2382         62       1981
1358         43       1962
3406         89       1997
 846         36       1965
2894         74       1981
1870         52       1984
3918        106       1996
 206         29       1984
2254         59       1970
1230         41       1956
3278         85       1993
 718         35       1999
2766         71       1986
1742         50       1995
3790        101       1986
 462         31       1938
2510         65       1987
1486         45       1964
3534         93       1996
 974         38       1983
3022         78       1998
1998         54       1970
4046        111       1999
  46         27       1954
2094         56       1976
1070         39       1967
3118         80       1981
 558         33       1995
2606         67       1979
1582         47       1983
3630         96       1994
 302         30       1984
2350         61       1970
1326         43       1984
3374         88       1996
 814         36       1988
2862         73       1975
1838         51       1967
3886        105       1998
 174         28       1937
2222         59       1992
1198         41       1977
3246         84       1991
 686         34       1964
2734         70       1979
1710         49       1977
3758        100       1988
 430         31       1960
2478         64       1977
1454         45       1986
3502         92       1997
 942         37       1952
2990         77       1994
1966         54       1993
4014        109       1985
 110         28       1983
2158         57       1969
1134         40       1975
3182         82       1987
 622         33       1951
2670         69       1994
1646         48       1982
3694         98       1992
 366         30       1941
2414         63       1990
1390         44       1986
3438         90       1998
 878         37       1998
2926         75       1986
1902         52       1963
3950        107       1992
 238         29       1963
2286         60       1982
1262         42       1982
3310         86       1994
 750         35       1978
2798         72       1991
1774         50       1973
3822        102       1984
 494         32       1980
2542         66       1994
1518         46       1986
3566         94       1995
1006         38       1961
3054         79       2000
2030         55       1985
4078        112       1996
  30         27       1964
2078         56       1987
1054         39       1979
3102         80       1992
 542         32       1945
2590         67       1990
1566         47       1994
3614         95       1983
 286         30       1995
2334         61       1980
1310         43       1994
3358         87       1984
 798         36       1999
2846         73       1985
1822         51       1978
3870        104       1989
 158         28       1948
2206         58       1969
1182         41       1989
3230         83       1978
 670         34       1975
2718         70       1989
1694         49       1988
3742        100       1998
 414         31       1971
2462         64       1987
1438         45       1996
3486         91       1986
 926         37       1963
2974         76       1978
1950         53       1966
3998        109       1995
  94         28       1992
2142         57       1978
1118         40       1984
3166         82       1997
 606         33       1961
2654         68       1976
1630         48       1991
3678         97       1981
 350         30       1951
2398         63       2000
1374         44       1995
3422         89       1985
 862         36       1954
2910         75       1994
1886         52       1972
3934        106       1983
 222         29       1973
2270         60       1991
1246         42       1991
3294         85       1981
 734         35       1987
2782         71       1974
1758         50       1983
3806        102       1993
 478         32       1989
2526         65       1974
1502         46       1997
3550         93       1985
 990         38       1971
3038         78       1985
2014         55       1995
4062        111       1989
  62         27       1941
2110         57       1999
1086         39       1955
3134         81       1994
 574         33       1982
2622         68       1996
1598         47       1970
3646         96       1982
 318         30       1972
2366         62       1990
1342         43       1971
3390         88       1985
 830         36       1975
2878         74       1990
1854         52       1994
3902        105       1986
 190         29       1993
2238         59       1980
1214         41       1965
3262         84       1979
 702         34       1952
2750         71       1996
1726         49       1964
3774        101       1996
 446         31       1947
2494         65       1996
1470         45       1974
3518         92       1985
 958         38       1992
3006         77       1981
1982         54       1981
4030        110       1992
 126         28       1972
2174         58       1992
1150         40       1964
3198         83       2000
 638         34       2000
2686         69       1984
1662         48       1971
3710         98       1981
 382         31       1996
2430         63       1979
1406         44       1976
3454         90       1986
 894         37       1988
2942         76       2000
1918         53       1990
3966        108       2000
 254         29       1952
2302         60       1971
1278         42       1971
3326         86       1984
 766         35       1968
2814         72       1980
1790         50       1962
3838        103       1992
 510         32       1969
2558         66       1983
1534         46       1976
3582         94       1985
1022         38       1951
3070         79       1990
2046         55       1974
4094        112       1985
   1         27       1985
2049         55       1972
1025         39       2000
3073         79       1988
 513         32       1966
2561         66       1981
1537         46       1974
3585         94       1982
 257         29       1951
2305         60       1968
1281         42       1969
3329         86       1982
 769         35       1966
2817         72       1979
1793         51       2000
3841        103       1991
 129         28       1970
2177         58       1990
1153         40       1962
3201         83       1999
 641         34       1998
2689         69       1982
1665         48       1968
3713         99       1999
 385         31       1994
2433         63       1977
1409         44       1974
3457         90       1984
 897         37       1986
2945         76       1999
1921         53       1988
3969        108       1999
  65         27       1939
2113         57       1997
1089         39       1953
3137         81       1992
 577         33       1980
2625         68       1995
1601         47       1968
3649         96       1981
 321         30       1970
2369         62       1988
1345         43       1969
3393         88       1983
 833         36       1973
2881         74       1988
1857         52       1992
3905        105       1985
 193         29       1992
2241         59       1978
1217         41       1962
3265         84       1977
 705         34       1949
2753         71       1994
1729         49       1963
3777        101       1994
 449         31       1946
2497         65       1994
1473         45       1972
3521         92       1983
 961         38       1990
3009         77       1980
1985         54       1978
4033        110       1990
  33         27       1962
2081         56       1985
1057         39       1976
3105         80       1990
 545         32       1943
2593         67       1988
1569         47       1992
3617         95       1981
 289         30       1993
2337         61       1978
1313         43       1992
3361         87       1982
 801         36       1996
2849         73       1983
1825         51       1976
3873        104       1987
 161         28       1946
2209         59       2000
1185         41       1986
3233         84       2000
 673         34       1973
2721         70       1988
1697         49       1986
3745        100       1996
 417         31       1969
2465         64       1985
1441         45       1994
3489         91       1983
 929         37       1961
2977         76       1976
1953         53       1965
4001        109       1994
  97         28       1990
2145         57       1976
1121         40       1982
3169         82       1996
 609         33       1959
2657         68       1974
1633         48       1989
3681         98       1999
 353         30       1949
2401         63       1998
1377         44       1994
3425         89       1983
 865         36       1951
2913         75       1993
1889         52       1970
3937        107       2000
 225         29       1970
2273         60       1989
1249         42       1989
3297         85       1979
 737         35       1986
2785         72       1999
1761         50       1981
3809        102       1991
 481         32       1987
2529         65       1972
1505         46       1994
3553         93       1983
 993         38       1969
3041         78       1983
2017         55       1994
4065        111       1986
  17         27       1973
2065         56       1996
1041         39       1988
3089         79       1976
 529         32       1954
2577         67       1999
1553         46       1961
3601         95       1992
 273         29       1938
2321         61       1989
1297         42       1957
3345         87       1993
 785         35       1953
2833         73       1994
1809         51       1987
3857        104       1998
 145         28       1958
2193         58       1978
1169         41       1998
3217         83       1987
 657         34       1985
2705         70       1999
1681         49       1997
3729         99       1987
 401         31       1981
2449         64       1997
1425         44       1962
3473         91       1994
 913         37       1973
2961         76       1988
1937         53       1976
3985        108       1986
  81         28       2000
2129         57       1987
1105         40       1993
3153         81       1981
 593         33       1969
2641         68       1984
1617         48       2000
3665         97       1990
 337         30       1960
2385         62       1977
1361         43       1958
3409         89       1995
 849         36       1963
2897         74       1978
1873         52       1981
3921        106       1993
 209         29       1981
2257         60       2000
1233         42       2000
3281         85       1991
 721         35       1996
2769         71       1983
1745         50       1992
3793        101       1983
 465         32       1997
