505         43       1961
3553         89       1995
 993         36       1963
3041         74       1980
2017         52  593         31       1947
2641         65       1996
1617         45       1972
3665         92       1985
 337         29       1992
2385         59       1979
1361         41       1965
3409         84       1980
 849         34       1950
2897         71       1996
1873         49       1964
3921        101       1996
 209         27       1940
2257         57       1999
1233         39       1953
3281         81       1995
 721         33       1980
2769         68       1997
1745         47       1969
3793         96       1981
 465         30       1970
2513         62       1990
1489         43       1971
3537         88       1984
 977         36       1972
3025         74       1990
2001         52       1993
4049        105       1987
  49         26       1975
2097         53       1964
1073         37       1960
3121         76       1977
 561         31       1967
2609         64       1985
1585         45       1994
3633         91       1984
 305         28       1945
2353         58       1967
1329         41       1986
3377         83       1977
 817         34       1971
2865         70       1988
1841         49       1984
3889        100       1997
 177         27       1961
2225         56       1985
1201         39       1975
3249         80       1991
 689         32       1941
2737         67       1989
1713         47       1991
3761         95       1982
 433         30       1992
2481         61       1978
1457         43       1992
3505         87       1983
 945         36       1994
2993         73       1984
1969         51       1976
4017        104       1989
 113         26       1933
2161         55       1995
1137         38       1970
3185         78       1984
 625         32       1988
2673         65       1974
1649         46       1994
3697         93       1984
 369         29       1971
2417         60       1990
1393         42       1992
3441         85       1981
 881         35       1985
2929         71       1973
1905         50       1982
3953        102       1994
 241         28       1990
2289         57       1977
1265         40       1982
3313         82       1997
 753         33       1958
2801         68       1975
1777         48       1989
3825         97       1980
 497         30       1949
2545         63       1999
1521         44       1995
3569         89       1984
1009         36       1951
3057         75       1994
2033         52       1971
4081        106       1983
   9         25       1928
2057         53       1992
1033         37       1990
3081         75       1978
 521         31       1997
2569         63       1983
1545         44       1978
3593         90       1989
 265         28       1974
2313         58       1994
1289         40       1966
3337         82       1980
 777         33       1942
2825         69       1987
1801         48       1972
3849         98       1985
 137         27       1991
2185         55       1978
1161         38       1953
3209         79       1993
 649         32       1971
2697         66       1987
1673         46       1977
3721         94       1989
 393         29       1954
2441         60       1973
1417         42       1975
3465         86       1986
 905         35       1968
2953         72       1984
1929         50       1964
3977        103       1996
  73         26       1957
2121         54       1983
1097         38       1994
3145         77       1984
 585         31       1950
2633         65       1999
1609         45       1975
3657         92       1988
 329         29       1996
2377         59       1982
1353         41       1968
3401         84       1983
 841         34       1953
2889         71       1999
1865         49       1967
3913        101       1999
 201         27       1943
2249         56       1967
1225         39       1956
3273         81       1998
 713         33       1983
2761         67       1972
1737         47       1972
3785         96       1986
 457         30       1973
2505         62       1993
1481         43       1974
3529         88       1988
 969         36       1976
3017         74       1994
1993         52       1997
4041        105       1990
  41         26       1980
2089         53       1968
1065         37       1964
3113         76       1980
 553         31       1972
2601         64       1989
1577         45       1998
3625         91       1988
 297         28       1949
2345         58       1970
1321         41       1990
3369         83       1981
 809         34       1976
2857         70       1992
1833         49       1989
3881         99       1981
 169         27       1966
2217         56       1989
1193         39       1980
3241         80       1996
 681         32       1945
2729         67       1993
1705         47       1996
3753         95       1986
 425         30       1996
2473         61       1983
1449         43       1998
3497         87       1986
 937         36       1999
2985         73       1988
1961         51       1980
4009        104       1992
 105         26       1937
2153         55       1998
1129         38       1973
3177         78       1988
 617         32       1991
2665         65       1977
1641         46       1997
3689         93       1988
 361         29       1974
2409         60       1994
1385         42       1995
3433         85       1985
 873         35       1989
2921         71       1977
1897         50       1985
3945        102       1997
 233         28       1994
2281         57       1980
1257         40       1985
3305         81       1976
 745         33       1962
2793         68       1978
1769         48       1993
3817         97       1984
 489         30       1953
2537         62       1971
1513         44       1999
3561         89       1987
1001         36       1955
3049         75       1998
2025         52       1974
4073        106       1987
  25         26       1991
2073         53       1979
1049         37       1976
3097         76       1991
 537         31       1983
2585         64       2000
1561         44       1965
3609         91       1999
 281         28       1960
2329         58       1981
1305         40       1953
3353         83       1991
 793         34       1988
2841         69       1975
1817         49       2000
3865         99       1992
 153         27       1977
2201         56       2000
1177         39       1991
3225         79       1981
 665         32       1957
2713         66       1973
1689         46       1963
3737         95       1996
 409         29       1940
2457         61       1993
1433         42       1962
3481         87       1997
 921         35       1954
2969         73       1998
1945         51       1991
3993        103       1984
  89         26       1946
2137         54       1972
1113         38       1983
3161         78       1998
 601         32       2000
2649         65       1986
1625         45       1964
3673         93       1998
 345         29       1983
2393         59       1970
1369         41       1957
3417         85       1994
 857         35       1999
2905         71       1987
1881         50       1995
3929        101       1988
 217         27       1932
2265         57       1990
1241         40       1995
3289         81       1986
 729         33       1972
2777         68       1988
1753         47       1961
3801         97       1994
 473         30       1961
2521         62       1981
1497         43       1963
3545         89       1997
 985         36       1964
3033         74       1981
2009         52       1985
4057        106       1997
  57         26       1966
2105         54       1993
1081         37       1951
3129         77       1994
 569         31       1959
2617         64       1977
1593         45       1984
3641         92       1998
 313         28       1936
2361         59       1992
1337         41       1978
3385         84       1992
 825         34       1962
2873         70       1980
1849         49       1976
3897        100       1989
 185         27       1953
2233         56       1977
1209         39       1966
3257         80       1983
 697         33       1993
2745         67       1980
1721         47       1982
3769         96       1995
 441         30       1983
2489         61       1970
1465         43       1984
3513         88       1996
 953         36       1986
3001         73       1976
1977         51       1968
4025        105       2000
 121         27       2000
2169         55       1987
1145         38       1963
3193         78       1977
 633         32       1980
2681         66       1995
1657         46       1986
3705         94       1998
 377         29       1963
2425         60       1982
1401         42       1984
3449         86       1995
 889         35       1977
2937         72       1993
1913         50       1974
3961        102       1986
 249         28       1982
2297         57       1969
1273         40       1975
3321         82       1988
 761         33       1951
2809         69       1995
1785         48       1981
3833         98       1992
 505         30       1941
2553         63       1991
1529         44       1987
3577         90       1997
1017         37       1998
3065         75       1986
2041         53       2000
4089        107       1993
   5         25       1927
2053         53       1991
1029         37       1989
3077         75       1978
 517         31       1997
2565         63       1982
1541         44       1978
3589         90       1988
 261         28       1974
2309         58       1994
1285         40       1965
3333         82       1980
 773         33       1942
2821         69       1987
1797         48       1972
3845         98       1984
 133         27       1991
2181         55       1978
1157         38       1954
3205         79       1994
 645         32       1971
2693         66       1987
1669         46       1978
3717         94       1989
 389         29       1955
2437         60       1974
1413         42       1976
3461         86       1987
 901         35       1969
2949         72       1985
1925         50       1965
3973        103       1996
  69         26       1958
2117         54       1984
1093         38       1995
3141         77       1985
 581         31       1950
2629         65       1999
1605         45       1976
3653         92       1989
 325         29       1995
2373         59       1983
1349         41       1969
3397         84       1984
 837         34       1954
2885         71       2000
1861         49       1967
3909        101       2000
 197         27       1944
2245         56       1968
1221         39       1957
3269         81       1999
 709         33       1984
2757         67       1972
1733         47       1973
3781         96       1986
 453         30       1974
2501         62       1994
1477         43       1975
3525         88       1988
 965         36       1976
3013         74       1993
1989         52       1997
4037        105       1990
  37         26       1980
2085         53       1969
1061         37       1965
3109         76       1981
 549         31       1973
2597         64       1991
1573         45       1999
3621         91       1988
 293         28       1950
2341         58       1971
1317         41       1991
3365         83       1982
 805         34       1977
2853         70       1993
1829         49       1990
3877         99       1982
 165         27       1967
2213         56       1990
1189         39       1980
3237         80       1996
 677         32       1946
2725         67       1994
1701         47       1996
3749         95       1987
 421         30       1997
2469         61       1984
1445         43       1998
3493         87       1987
 933         36       1999
2981         73       1989
1957         51       1981
4005        104       1993
 101         26       1937
2149         55       1999
1125         38       1974
3173         78       1989
 613         32       1991
2661         65       1978
1637         46       1998
3685         93       1989
 357         29       1975
2405         60       1995
1381         42       1996
3429         85       1985
 869         35       1989
2917         71       1978
1893         50       1985
3941        102       1997
 229         28       1993
2277         57       1980
1253         40       1986
3301         81       1977
 741         33       1963
2789         68       1979
1765         48       1993
3813         97       1984
 485         30       1953
2533         62       1971
1509         44       1998
3557         89       1987
 997         36       1955
3045         75       1998
2021         52       1975
4069        106       1987
  21         26       1991
2069         53       1979
1045         37       1976
3093         76       1992
 533         31       1984
2581         64       2000
1557         44       1965
3605         91       1999
 277         28       1961
2325         58       1981
1301         40       1953
3349         83       1992
 789         34       1988
2837         69       1975
1813         49       2000
3861         99       1992
 149         27       1977
2197         55       1965
1173         39       1991
3221         79       1981
 661         32       1957
2709         66       1974
1685         46       1964
3733         95       1997
 405         29       1941
2453         61       1994
1429         42       1962
3477         87       1997
 917         35       1955
2965         73       1999
1941         51       1991
3989        103       1984
  85         26       1946
2133         54       1971
1109         38       1982
3157         78       1999
 597         32       2000
2645         65       1986
1621         45       1964
3669         93       1997
 341         29       1983
2389         59       1971
1365         41       1957
3413         85       1995
 853         35       1998
2901         71       1987
1877         50       1995
3925        101       1987
 213         27       1931
2261         57       1990
1237         40       1994
3285         81       1985
 725         33       1971
2773         68       1988
1749         47       1960
3797         97       1994
 469         30       1961
2517         62       1981
1493         43       1963
3541         89       1997
 981         36       1964
3029         74       1981
2005         52       1985
4053        106       1996
  53         26       1966
2101         54       1992
1077         37       1951
3125         77       1994
 565         31       1958
2613         64       1977
1589         45       1985
3637         92       1997
 309         28       1936
2357         59       1992
1333         41       1977
3381         84       1993
 821         34       1962
2869         70       1979
1845         49       1976
3893        100       1988
 181         27       1952
2229         56       1976
1205         39       1966
3253         80       1982
 693         33       1992
2741         67       1980
1717         47       1981
3765         96       1994
 437         30       1983
2485         61       1970
1461         43       1984
3509         88       1996
 949         36       1986
2997         73       1975
1973         51       1967
4021        105       1999
 117         27       1999
2165         55       1986
1141         38       1961
3189         78       1977
 629         32       1979
2677         66       1995
1653         46       1985
3701         94       1997
 373         29       1963
2421         60       1982
1397         42       1983
3445         86       1995
 885         35       1976
2933         72       1992
1909         50       1973
3957        102       1985
 245         28       1982
2293         57       1968
1269         40       1974
3317         82       1988
 757         33       1951
2805         69       1995
1781         48       1980
3829         98       1992
 501         30       1940
2549         63       1990
1525         44       1987
3573         90       1997
1013         37       1997
3061         75       1985
2037         53       2000
4085        107       1993
  13         26       1996
2061         53       1983
1037         37       1980
3085         76       1995
 525         31       1988
2573         63       1973
1549         44       1970
3597         90       1981
 269         28       1965
2317         58       1986
1293         40       1957
3341         83       1996
 781         34       1992
2829         69       1979
1805         48       1964
3853         99       1996
 141         27       1982
2189         55       1969
1165         39       1995
3213         79       1985
 653         32       1962
2701         66       1978
1677         46       1968
3725         94       1981
 397         29       1946
2445         61       1998
1421         42       1967
3469         86       1978
 909         35       1959
2957         72       1976
1933         51       1996
3981        103       1988
  77         26       1949
2125         54       1975
1101         38       1986
3149         77       1976
 589         31       1942
2637         65       1990
1613         45       1967
3661         92       1981
 333         29       1988
2381         59       1975
1357         41       1961
3405         85       1999
 845         34       1945
2893         71       1991
1869         50       1999
3917        101       1992
 205         27       1935
2253         57       1995
1229         40       1999
3277         81       1990
 717         33       1975
2765         68       1993
1741         47       1964
3789         97       1998
 461         30       1966
2509         62       1985
1485         43       1967
3533         88       1979
 973         36       1969
3021         74       1985
1997         52       1989
4045        105       1982
  45         26       1971
2093         54       1997
1069         37       1956
3117         77       1998
 557         31       1964
2605         64       1982
1581         45       1990
3629         91       1980
 301         28       1940
2349         59       1996
1325         41       1982
3373         84       1997
 813         34       1968
2861         70       1984
1837         49       1981
3885        100       1994
 173         27       1958
2221         56       1981
1197         39       1971
3245         80       1987
 685         33       1998
2733         67       1985
1709         47       1987
3757         96       1999
 429         30       1987
2477         61       1975
1453         43       1989
3501         87       1979
 941         36       1990
2989         73       1980
1965         51       1972
4013        104       1985
 109         26       1929
2157         55       1990
1133         38       1966
3181         78       1981
 621         32       1983
2669         66       1999
1645         46       1989
3693         93       1980
 365         29       1966
2413         60       1985
1389         42       1987
3437         86       1999
 877         35       1980
2925         72       1996
1901         50       1977
3949        102       1989
 237         28       1985
2285         57       1972
1261         40       1978
3309         82       1993
 749         33       1954
2797         69       1999
1773         48       1984
3821         98       1996
 493         30       1944
2541         63       1994
1517         44       1990
3565         89       1978
1005         36       1947
3053         75       1990
2029         52       1966
4077        107       1997
  29         26       1982
2077         53       1970
1053         37       1967
3101         76       1982
 541         31       1974
2589         64       1992
1565         45       2000
3613         91       1990
 285         28       1952
2333         58       1973
1309         41       1993
3357         83       1983
 797         34       1978
2845         70       1995
1821         49       1991
3869         99       1983
 157         27       1968
2205         56       1991
1181         39       1981
3229         80       1997
 669         32       1948
2717         67       1995
1693         47       1997
3741         95       1988
 413         30       1998
2461         61       1985
1437         43       1999
3485         87       1988
 925         35       1945
2973         73       1990
1949         51       1982
3997        104       1994
  93         26       1938
2141         55       1999
1117         38       1974
3165         78       1989
 605         32       1991
2653         65       1978
1629         46       1998
3677         93       1989
 349         29       1975
2397         60       1994
1373         42       1995
3421         85       1985
 861         35       1990
2909         71       1978
1885         50       1986
3933        102       1999
 221         28       1994
2269         57       1981
1245         40       1986
3293         81       1977
 733         33       1963
2781         68       1980
1757         48       1993
3805         97       1985
 477         30       1952
2525         62       1972
1501         44       1999
3549         89       1988
 989         36       1955
3037         75       1999
2013         52       1975
4061        106       1987
  61         26       1957
2109         54       1983
1085         38       1994
3133         77       1984
 573         31       1949
2621         65       1998
1597         45       1975
3645         92       1988
 317         29       1994
2365         59       1982
1341         41       1967
3389         84       1983
 829         34       1953
2877         71       1998
1853         49       1966
3901        101       1999
 189         27       1943
2237         56       1966
1213         39       1956
3261         81       1997
 701         33       1982
2749         68       2000
1725         47       1972
3773         96       1985
 445         30       1973
2493         62       1992
1469         43       1974
3517         88       1987
 957         36       1976
3005         74       1992
1981         52       1996
4029        105       1990
 125         27       1990
2173         55       1977
1149         38       1953
3197         79       1993
 637         32       1970
2685         66       1986
1661         46       1977
3709         94       1988
 381         29       1954
2429         60       1972
1405         42       1974
3453         86       1986
 893         35       1967
2941         72       1984
1917         50       1964
3965        103       1996
 253         28       1973
2301         58       1993
1277         40       1965
3325         82       1979
 765         33       1942
2813         69       1986
1789         48       1971
3837         98       1984
 509         31       1996
2557         63       1980
1533         44       1977
3581         90       1988
1021         37       1988
3069         75       1977
2045         53       1991
4093        107       1984
   3         26       1999
2051         53       1986
1027         37       1984
3075         76       1998
 515         31       1992
2563         63       1976
1539         44       1973
3587         90       1984
 259         28       1968
2307         58       1989
1283         40       1960
3331         83       1999
 771         34       1996
2819         69       1982
1795         48       1967
3843         99       2000
 131         27       1986
2179         55       1972
1155         39       1999
3203         79       1989
 643         32       1965
2691         66       1981
1667         46       1972
3715         94       1983
 387         29       1949
2435         60       1968
1411         42       1970
3459         86       1981
 899         35       1963
2947         72       1979
1923         51       1998
3971        103       1991
  67         26       1951
2115         54       1977
1091         38       1988
3139         77       1979
 579         31       1944
2627         65       1993
1603         45       1969
3651         92       1982
 323         29       1989
2371         59       1977
1347         41       1963
3395         84       1978
 835         34       1947
2883         71       1993
1859         49       1962
3907        101       1994
 195         27       1937
2243         57       1997
1219         39       1951
3267         81       1992
 707         33       1977
2755         68       1995
1731         47       1967
3779         97       2000
 451         30       1968
2499         62       1988
1475         43       1969
3523         88       1981
 963         36       1970
3011         74       1987
1987         52       1992
4035        105       1984
  35         26       1975
2083         54       2000
1059         37       1959
3107         76       1976
 547         31       1967
2595         64       1984
1571         45       1993
3619         91       1983
 291         28       1944
2339         59       2000
1315         41       1985
3363         84       2000
 803         34       1971
2851         70       1987
1827         49       1983
3875        100       1996
 163         27       1961
2211         56       1984
1187         39       1974
3235         80       1990
 675         32       1941
2723         67       1988
1699         47       1990
3747         95       1981
 419         30       1991
2467         61       1978
1443         43       1992
3491         87       1981
 931         36       1993
2979         73       1983
1955         51       1975
4003        104       1987
  99         26       1931
2147         55       1993
1123         38       1967
3171         78       1983
 611         32       1985
2659         65       1971
1635         46       1992
3683         93       1983
 355         29       1969
2403         60       1989
1379         42       1990
3427         85       1979
 867         35       1983
2915         72       1999
1891         50       1980
3939        102       1992
 227         28       1988
2275         57       1975
1251         40       1980
3299         82       1995
 739         33       1957
2787         68       1973
1763         48       1987
3811         98       1999
 483         30       1947
2531         63       1997
1507         44       1993
3555         89       1981
 995         36       1949
3043         75       1993
2019         52       1969
4067        107       2000
  19         26       1985
2067         53       1974
1043         37       1970
3091         76       1986
 531         31       1979
2579         64       1995
1555         44       1960
3603         91       1993
 275         28       1955
2323         58       1976
1299         41       1995
3347         83       1986
 787         34       1982
2835         70       1998
1811         49       1994
3859         99       1986
 147         27       1972
2195         56       1995
1171         39       1985
3219         79       1976
 659         32       1951
2707         67       1998
1683         46       1959
3731         95       1991
 403         29       1936
2451         61       1988
1427         42       1957
3475         87       1992
 915         35       1949
2963         73       1993
1939         51       1985
3987        104       1998
  83         26       1940
2131         54       1965
1107         38       1977
3155         78       1993
 595         32       1995
2643         65       1981
1619         45       1958
3667         93       1992
 339         29       1978
2387         60       1998
1363         42       1998
3411         85       1989
 851         35       1992
2899         71       1981
1875         50       1989
3923        101       1982
 211         28       1997
2259         57       1984
1235         40       1989
3283         81       1981
 723         33       1966
2771         68       1983
1747         48       1997
3795         97       1988
 467         30       1956
2515         62       1976
1491         43       1957
3539         89       1992
 979         36       1958
3027         74       1975
2003         52       1979
4051        106       1991
  51         26       1961
2099         54       1986
1075         38       1999
3123         77       1988
 563         31       1953
2611         64       1971
1587         45       1979
3635         92       1992
 307         29       1999
2355         59       1987
1331         41       1971
3379         84       1987
 819         34       1957
2867         70       1974
1843         49       1971
3891        100       1983
 179         27       1947
2227         56       1971
1203         39       1960
3251         80       1977
 691         33       1987
2739         67       1975
1715         47       1976
3763         96       1989
 435         30       1977
2483         62       1996
1459         43       1979
3507         88       1990
 947         36       1980
2995         74       1997
1971         51       1962
4019        105       1993
 115         27       1994
2163         55       1980
1139         38       1956
3187         79       1997
 627         32       1974
2675         66       1989
1651         46       1980
3699         94       1992
 371         29       1957
2419         60       1976
1395         42       1978
3443         86       1990
 883         35       1971
2931         72       1987
1907         50       1968
3955        103       1999
 243         28       1977
2291         58       1997
1267         40       1968
3315         82       1983
 755         33       1944
2803         69       1990
1779         48       1975
3827         98       1987
 499         31       1999
2547         63       1985
1523         44       1981
3571         90       1992
1011         37       1992
3059         75       1980
2035         53       1995
4083        107       1988
  11         26       1990
2059         53       1978
1035         37       1975
3083         76       1991
 523         31       1983
2571         64       1999
1547         44       1964
3595         91       1997
 267         28       1959
2315         58       1981
1291         41       2000
3339         83       1990
 779         34       1987
2827         69       1973
1803         49       1999
3851         99       1991
 139         27       1976
2187         56       1999
1163         39       1990
3211         79       1979
 651         32       1957
2699         66       1973
1675         46       1963
3723         95       1996
 395         29       1940
2443         61       1992
1419         42       1961
3467         87       1996
 907         35       1954
2955         73       1998
1931         51       1990
3979        103       1983
  75         26       1944
2123         54       1969
1099         38       1981
3147         78       1997
 587         32       1998
2635         65       1985
1611         45       1961
3659         93       1996
 331         29       1981
2379         59       1969
1355         41       1954
3403         85       1993
 843         35       1996
2891         71       1985
1867         50       1993
3915        101       1986
 203         28       2000
2251         57       1988
