105         44       1961
1081         31       1979
3129         64       1999
 569         26       1990
2617         53 1977         42       1958
4025         87       1993
 121         22       1976
2169         45       1964
1145         32       2000
3193         65       1987
 633         26       1948
2681         54       1971
1657         38       1984
3705         78       1996
 377         24       1969
2425         50       1995
1401         35       2000
3449         71       1986
 889         29       1984
2937         59       1971
1913         41       1957
3961         85       1992
 249         23       1974
2297         47       1961
1273         33       1972
3321         68       1989
 761         27       1933
2809         57       1990
1785         40       1996
3833         81       1983
 505         25       1960
2553         52       1984
1529         36       1966
3577         74       1979
1017         30       1962
3065         62       1981
2041         43       1962
4089         89       1996
   5         21       1964
2053         44       1999
1029         30       1953
3077         62       1972
 517         25       1951
2565         52       1975
1541         36       1958
3589         75       1997
 261         23       1966
2309         48       1995
1285         33       1963
3333         68       1980
 773         28       1997
2821         57       1982
1797         40       1987
3845         82       2000
 133         22       1967
2181         46       1999
1157         32       1991
3205         65       1978
 645         26       1940
2693         55       1999
1669         38       1976
3717         78       1988
 389         24       1961
2437         50       1986
1413         35       1992
3461         71       1976
 901         29       1975
2949         60       1996
1925         42       1995
3973         85       1984
  69         21       1917
2117         45       1997
1093         31       1971
3141         64       1989
 581         26       1981
2629         53       1967
1605         37       1964
3653         76       1978
 325         23       1918
2373         49       1990
1349         34       1975
3397         70       1992
 837         28       1949
2885         58       1971
1861         41       1991
3909         83       1979
 197         22       1920
2245         47       1995
1221         32       1943
3269         67       1994
 709         27       1966
2757         56       1989
1733         39       1980
3781         80       1993
 453         25       1994
2501         51       1980
1477         36       2000
3525         73       1987
 965         30       1995
3013         61       1983
1989         43       1997
4037         87       1985
  37         21       1940
2085         44       1975
1061         31       1994
3109         63       1981
 549         25       1927
2597         53       1990
1573         37       1988
3621         75       1974
 293         23       1941
2341         48       1971
1317         34       1998
3365         69       1986
 805         28       1972
2853         58       1993
1829         40       1964
3877         82       1977
 165         22       1943
2213         46       1976
1189         32       1968
3237         66       1986
 677         27       1990
2725         55       1976
1701         38       1953
3749         79       1991
 421         24       1936
2469         50       1964
1445         35       1968
3493         72       1983
 933         29       1952
2981         60       1973
1957         42       1973
4005         86       1984
 101         22       1988
2149         45       1977
1125         31       1951
3173         65       2000
 613         26       1961
2661         54       1984
1637         38       1997
3685         77       1985
 357         24       1982
2405         49       1968
1381         34       1956
3429         71       1999
 869         29       1997
2917         59       1985
1893         41       1970
3941         84       1982
 229         23       1988
2277         47       1974
1253         33       1985
3301         67       1973
 741         27       1946
2789         56       1969
1765         39       1960
3813         81       1998
 485         25       1973
2533         52       1998
1509         36       1980
3557         74       1994
 997         30       1975
3045         62       1995
2021         43       1976
4069         88       1987
  21         21       1953
2069         44       1988
1045         30       1942
3093         63       1994
 533         25       1941
2581         52       1965
1557         36       1947
3605         75       1987
 277         23       1954
2325         48       1984
1301         33       1952
3349         69       1999
 789         28       1985
2837         57       1971
1813         40       1977
3861         82       1990
 149         22       1956
2197         46       1988
1173         32       1980
3221         66       1998
 661         26       1929
2709         55       1988
1685         38       1966
3733         78       1978
 405         24       1949
2453         50       1977
1429         35       1981
3477         72       1994
 917         29       1965
2965         60       1985
1941         42       1986
3989         86       1997
  85         22       1999
2133         45       1989
1109         31       1961
3157         64       1981
 597         26       1972
2645         54       1996
1621         37       1956
3669         77       1996
 341         24       1993
2389         49       1980
1365         34       1966
3413         70       1983
 853         28       1939
2901         59       1996
1877         41       1982
3925         84       1994
 213         23       1998
2261         47       1986
1237         33       1996
3285         67       1985
 725         27       1957
2773         56       1980
1749         39       1971
3797         80       1985
 469         25       1984
2517         51       1972
1493         36       1992
3541         73       1979
 981         30       1987
3029         61       1974
2005         43       1988
4053         88       1999
  53         21       1930
2101         44       1966
1077         31       1984
3125         63       1972
 565         26       1995
2613         53       1981
1589         37       1978
3637         76       1993
 309         23       1931
2357         48       1962
1333         34       1989
3381         69       1978
 821         28       1962
2869         58       1984
1845         40       1955
3893         83       1992
 181         22       1933
2229         46       1966
1205         32       1958
3253         66       1977
 693         27       1980
2741         55       1967
1717         39       1994
3765         79       1981
 437         24       1927
2485         51       1995
1461         35       1959
3509         72       1973
 949         29       1942
2997         61       1997
1973         42       1964
4021         87       1999
 117         22       1980
2165         45       1969
1141         31       1943
3189         65       1992
 629         26       1954
2677         54       1976
1653         38       1989
3701         77       1976
 373         24       1975
2421         50       2000
1397         34       1948
3445         71       1991
 885         29       1989
2933         59       1976
1909         41       1961
3957         85       1997
 245         23       1980
2293         47       1967
1269         33       1977
3317         68       1994
 757         27       1938
2805         57       1995
1781         39       1952
3829         81       1989
 501         25       1966
2549         52       1990
1525         36       1972
3573         74       1984
1013         30       1967
3061         62       1986
2037         43       1967
4085         88       1978
  13         21       1960
2061         44       1996
1037         30       1950
3085         62       1970
 525         25       1949
2573         52       1973
1549         36       1956
3597         75       1995
 269         23       1962
2317         48       1992
1293         33       1960
3341         68       1977
 781         28       1993
2829         57       1978
1805         40       1984
3853         82       1997
 141         22       1963
2189         46       1996
1165         32       1989
3213         65       1975
 653         26       1937
2701         55       1996
1677         38       1973
3725         78       1985
 397         24       1957
2445         50       1983
1421         35       1988
3469         71       1974
 909         29       1972
2957         60       1992
1933         42       1992
3981         85       1981
  77         21       1915
2125         45       1995
1101         31       1968
3149         64       1988
 589         26       1979
2637         53       1966
1613         37       1963
3661         76       1977
 333         24       1999
2381         49       1987
1357         34       1973
3405         70       1990
 845         28       1946
2893         58       1969
1869         41       1989
3917         84       2000
 205         22       1918
2253         47       1993
1229         32       1942
3277         67       1991
 717         27       1964
2765         56       1987
1741         39       1978
3789         80       1991
 461         25       1991
2509         51       1978
1485         36       1998
3533         73       1985
 973         30       1993
3021         61       1981
1997         43       1995
4045         87       1982
  45         21       1937
2093         44       1973
1069         31       1991
3117         63       1978
 557         25       1925
2605         53       1988
1581         37       1986
3629         76       1999
 301         23       1939
2349         48       1969
1325         34       1996
3373         69       1985
 813         28       1969
2861         58       1991
1837         40       1962
3885         83       1999
 173         22       1941
2221         46       1973
1197         32       1965
3245         66       1984
 685         27       1987
2733         55       1974
1709         38       1950
3757         79       1989
 429         24       1935
2477         50       1962
1453         35       1965
3501         72       1980
 941         29       1949
2989         60       1971
1965         42       1970
4013         86       1982
 109         22       1986
2157         45       1975
1133         31       1949
3181         65       1998
 621         26       1959
2669         54       1983
1645         38       1995
3693         77       1983
 365         24       1980
2413         49       1966
1389         34       1953
3437         71       1997
 877         29       1995
2925         59       1982
1901         41       1968
3949         84       1980
 237         23       1985
2285         47       1972
1261         33       1983
3309         68       1999
 749         27       1944
2797         56       1966
1773         39       1957
3821         81       1994
 493         25       1971
2541         52       1996
1517         36       1978
3565         74       1991
1005         30       1973
3053         62       1991
2029         43       1973
4077         88       1984
  29         21       1949
2077         44       1984
1053         30       1939
3101         63       1990
 541         25       1937
2589         53       1999
1565         37       1998
3613         75       1983
 285         23       1950
2333         48       1980
1309         33       1948
3357         69       1995
 797         28       1981
2845         57       1967
1821         40       1973
3869         82       1985
 157         22       1952
2205         46       1985
1181         32       1976
3229         66       1995
 669         27       1999
2717         55       1985
1693         38       1961
3741         79       1999
 413         24       1946
2461         50       1972
1437         35       1976
3485         72       1991
 925         29       1960
2973         60       1981
1949         42       1981
3997         86       1993
  93         22       1996
2141         45       1985
1117         31       1958
3165         64       1978
 605         26       1969
2653         54       1992
1629         37       1952
3677         77       1993
 349         24       1989
2397         49       1977
1373         34       1963
3421         70       1980
 861         28       1936
2909         59       1992
1885         41       1977
3933         84       1989
 221         23       1995
2269         47       1982
1245         33       1992
3293         67       1981
 733         27       1953
2781         56       1976
1757         39       1967
3805         80       1981
 477         25       1981
2525         51       1968
1501         36       1988
3549         73       1974
 989         30       1982
3037         61       1970
2013         43       1984
4061         88       1994
  61         21       1926
2109         44       1961
1085         31       1979
3133         64       1998
 573         26       1990
2621         53       1976
1597         37       1973
3645         76       1987
 317         23       1927
2365         49       1998
1341         34       1983
3389         69       1973
 829         28       1956
2877         58       1979
1853         41       1999
3901         83       1986
 189         22       1927
2237         46       1961
1213         32       1951
3261         66       1971
 701         27       1973
2749         56       1998
1725         39       1988
3773         79       1976
 445         24       1921
2493         51       1988
1469         35       1952
3517         73       1995
 957         29       1936
3005         61       1991
1981         42       1958
4029         87       1992
 125         22       1975
2173         45       1963
1149         32       1999
3197         65       1985
 637         26       1948
2685         54       1970
1661         38       1983
3709         78       1995
 381         24       1969
2429         50       1994
1405         35       2000
3453         71       1985
 893         29       1983
2941         59       1970
1917         41       1956
3965         85       1991
 253         23       1973
2301         47       1960
1277         33       1970
3325         68       1987
 765         27       1933
2813         57       1989
1789         40       1995
3837         81       1983
 509         25       1959
2557         52       1983
1533         36       1966
3581         74       1978
1021         30       1961
3069         62       1980
2045         43       1962
4093         89       1995
   3         21       1967
2051         43       1957
1027         30       1958
3075         62       1977
 515         25       1956
2563         52       1980
1539         36       1963
3587         74       1975
 259         23       1970
2307         48       1999
1283         33       1967
3331         68       1984
 771         27       1930
2819         57       1986
1795         40       1993
3843         81       1980
 131         22       1972
2179         45       1960
1155         32       1996
3203         65       1983
 643         26       1945
2691         54       1968
1667         38       1981
3715         78       1993
 387         24       1965
2435         50       1992
1411         35       1997
3459         71       1981
 899         29       1981
2947         60       2000
1923         42       2000
3971         85       1988
  67         21       1922
2115         44       1958
1091         31       1975
3139         64       1994
 579         26       1987
2627         53       1973
1603         37       1970
3651         76       1984
 323         23       1923
2371         49       1994
1347         34       1981
3395         70       1997
 835         28       1953
2883         58       1976
1859         41       1995
3907         83       1984
 195         22       1925
2243         47       2000
1219         32       1948
3267         67       1999
 707         27       1971
2755         56       1994
1731         39       1985
3779         80       1998
 451         25       1998
2499         51       1985
1475         35       1950
3523         73       1993
 963         29       1934
3011         61       1989
1987         42       1955
4035         87       1990
  35         21       1945
2083         44       1981
1059         31       2000
3107         63       1987
 547         25       1934
2595         53       1997
1571         37       1994
3619         75       1980
 291         23       1948
2339         48       1977
1315         33       1945
3363         69       1992
 803         28       1978
2851         58       1999
1827         40       1970
3875         82       1983
 163         22       1950
2211         46       1981
1187         32       1974
3235         66       1992
 675         27       1996
2723         55       1983
1699         38       1959
3747         79       1997
 419         24       1942
2467         50       1970
1443         35       1975
3491         72       1989
 931         29       1958
2979         60       1979
1955         42       1979
4003         86       1991
  99         22       1995
2147         45       1983
1123         31       1957
3171         64       1975
 611         26       1967
2659         54       1991
1635         37       1951
3683         77       1990
 355         24       1989
2403         49       1975
1379         34       1962
3427         70       1977
 867         28       1934
2915         59       1990
1891         41       1976
3939         84       1988
 227         23       1993
2275         47       1981
1251         33       1990
3299         67       1979
 739         27       1953
2787         56       1975
1763         39       1966
3811         80       1978
 483         25       1980
2531         51       1966
1507         36       1986
3555         74       2000
 995         30       1981
3043         61       1969
2019         43       1982
4067         88       1993
  19         21       1959
2067         44       1995
1043         30       1949
3091         63       1999
 531         25       1947
2579         52       1972
1555         36       1953
3603         75       1994
 275         23       1961
2323         48       1990
1299         33       1959
3347         68       1976
 787         28       1991
2835         57       1977
1811         40       1983
3859         82       1995
 147         22       1962
2195         46       1994
1171         32       1986
3219         65       1974
 659         26       1935
2707         55       1995
1683         38       1971
3731         78       1983
 403         24       1956
2451         50       1982
1427         35       1986
3475         71       1973
 915         29       1971
2963         60       1991
1939         42       1991
3987         85       1979
  83         21       1914
2131         45       1993
1107         31       1967
3155         64       1986
 595         26       1978
2643         53       1965
1619         37       1962
3667         76       1975
 339         24       1999
2387         49       1986
1363         34       1972
3411         70       1988
 851         28       1945
2899         58       1967
1875         41       1986
3923         84       1999
 211         22       1917
2259         47       1991
1235         32       1941
3283         67       1989
 723         27       1963
2771         56       1985
1747         39       1976
3795         80       1989
 467         25       1989
2515         51       1977
1491         36       1997
3539         73       1983
 979         30       1991
3027         61       1978
2003         43       1992
4051         87       1981
  51         21       1935
2099         44       1970
1075         31       1988
3123         63       1976
 563         26       2000
2611         53       1986
1587         37       1982
3635         76       1996
 307         23       1935
2355         48       1966
1331         34       1992
3379         69       1981
 819         28       1966
2867         58       1988
1843         40       1959
3891         83       1995
 179         22       1937
2227         46       1969
1203         32       1960
3251         66       1980
 691         27       1983
2739         55       1970
1715         39       1997
3763         79       1984
 435         24       1930
2483         51       1997
1459         35       1961
3507         72       1976
 947         29       1945
2995         61       1999
1971         42       1966
4019         86       1978
 115         22       1983
2163         45       1971
1139         31       1945
3187         65       1994
 627         26       1956
2675         54       1978
1651         38       1992
3699         77       1978
 371         24       1977
2419         49       1962
1395         34       1951
3443         71       1994
 883         29       1991
2931         59       1978
1907         41       1964
3955         85       2000
 243         23       1981
2291         47       1968
1267         33       1979
3315         68       1996
 755         27       1940
2803         57       1998
1779         39       1953
3827         81       1991
 499         25       1968
2547         52       1992
1523         36       1974
3571         74       1986
1011         30       1969
3059         62       1988
2035         43       1969
4083         88       1981
  11         21       1963
2059         44       1998
1035         30       1952
3083         62       1971
 523         25       1951
2571         52       1975
1547         36       1957
3595         75       1996
 267         23       1964
2315         48       1994
1291         33       1962
3339         68       1979
 779         28       1996
2827         57       1981
1803         40       1987
3851         82       1999
 139         22       1966
2187         46       1998
1163         32       1991
3211         65       1978
 651         26       1939
2699         55       1998
1675         38       1975
3723         78       1987
 395         24       1960
2443         50       1986
1419         35       1991
3467         71       1977
 907         29       1975
2955         60       1995
1931         42       1995
3979         85       1983
  75         21       1918
2123         45       1997
1099         31       1970
3147         64       1990
 587         26       1981
2635         53       1968
1611         37       1964
3659         76       1978
 331         23       1919
2379         49       1989
1355         34       1976
3403         70       1992
 843         28       1948
2891         58       1971
1867         41       1991
3915         83       1979
 203         22       1921
2251         47       1995
1227         32       1943
3275         67       1993
 715         27       1966
2763         56       1989
1739         39       1980
3787         80       1992
 459         25       1994
2507         51       1981
1483         35       1945
3531         73       1987
 971         30       1996
3019         61       1983
1995         43       1997
4043         87       1985
  43         21       1939
2091         44       1976
1067         31       1993
3115         63       1981
 555         25       1928
2603         53       1990
1579         37       1988
3627         75       1975
 299         23       1942
2347         48       1971
1323         34       1999
3371         69       1987
 811         28       1972
2859         58       1994
1835         40       1964
3883         82       1976
 171         22       1943
2219         46       1976
1195         32       1967
3243         66       1986
 683         27       1990
2731         55       1976
1707         38       1952
3755         79       1990
 427         24       1936
2475         50       1964
1451         35       1968
3499         72       1982
 939         29       1951
2987         60       1973
1963         42       1972
4011         86       1985
 107         22       1988
2155         45       1977
1131         31       1950
3179         65       2000
 619         26       1962
2667         54       1985
1643         38       1998
3691         77       1984
 363         24       1982
2411         49       1969
1387         34       1956
3435         71       2000
 875         29       1997
2923         59       1984
1899         41       1970
3947         84       1981
 235         23       1988
2283         47       1974
1259         33       1985
3307         67       1972
 747         27       1947
2795         56       1969
1771         39       1960
3819         81       1997
 491         25       1973
2539         52       1998
1515         36       1980
3563         74       1993
1003         30       1975
3051         62       1995
2027         43       1975
4075         88       1987
  27         21       1951
2075         44       1988
1051         30       1941
3099         63       1993
 539         25       1940
2587         52       1965
1563         37       2000
3611         75       1986
 283         23       1953
2331         48       1983
1307         33       1951
3355         69       1997
 795         28       1984
2843         57       1970
1819         40       1976
3867         82       1988
 155         22       1955
2203         46       1987
1179         32       1979
3227         66       1997
 667         26       1928
2715         55       1987
1691         38       1964
3739         78       1976
 411         24       1948
2459         50       1974
1435         35       1979
3483         72       1993
 923         29       1963
2971         60       1983
1947         42       1984
3995         86       1995
  91         22       1999
2139         45       1987
1115         31       1960
3163         64       1979
 603         26       1971
2651         54       1994
1627         37       1955
3675         77       1994
 347         24       1991
2395         49       1978
1371         34       1965
3419         70       1981
 859         28       1938
2907         59       1994
1883         41       1980
3931         84       1991
 219         23       1997
2267         47       1985
1243         33       1994
3291         67       1982
 731         27       1956
2779         56       1978
1755         39       1970
3803         80       1982
 475         25       1983
2523         51       1970
1499         36       1989
3547         73       1976
 987         30       1984
3035         61       1972
2011         43       1986
4059         88       1997
  59         21       1927
2107         44       1963
1083         31       1981
3131         64       2000
 571         26       1992
2619         53       1978
1595         37       1975
3643         76       1989
 315         23       1929
2363         49       2000
1339         34       1986
3387         69       1974
 827         28       1959
2875         58       1981
1851         40       1952
3899         83       1989
 187         22       1931
2235         46       1963
1211         32       1954
3259         66       1974
 699         27       1976
2747         56       2000
1723         39       1990
3771         79       1979
 443         24       1923
2491         51       1991
1467         35       1955
3515         73       1998
 955         29       1939
3003         61       1993
1979         42       1961
4027         87       1995
 123         22       1978
2171         45       1966
1147         31       1940
3195         65       1988
 635         26       1951
2683         54       1973
1659         38       1987
3707         78       1999
 379         24       1972
2427         50       1997
1403         34       1946
3451         71       1988
 891         29       1986
2939         59       1973
1915         41       1959
3963         85       1994
 251         23       1977
2299         47       1963
1275         33       1974
3323         68       1990
 763         27       1936
2811         57       1992
1787         40       1999
3835         81       1986
 507         25       1963
2555         52       1987
1531         36       1969
3579         74       1981
1019         30       1964
3067         62       1983
2043         43       1965
4091         89       1998
   7         21       1966
2055         43       1956
1031         30       1956
3079         62       1975
 519         25       1955
2567         52       1978
1543         36       1961
3591         75       2000
 263         23       1968
2311         48       1997
1287         33       1966
3335         68       1982
 775         28       2000
2823         57       1984
1799         40       1991
3847         81       1978
 135         22       1969
2183         45       1958
1159         32       1995
3207         65       1981
 647         26       1943
2695         54       1966
1671         38       1978
3719         78       1991
 391         24       1963
2439         50       1989
1415         35       1994
3463         71       1980
 903         29       1979
2951         60       1999
1927         42       1998
3975         85       1987
  71         21       1921
2119         44       1956
1095         31       1973
3143         64       1993
 583         26       1984
2631         53       1971
1607         37       1968
3655         76       1982
 327         23       1921
2375         49       1993
1351         34       1979
3399         70       1996
 839         28       1951
2887         58       1974
1863         41       1993
3911         83       1981
 199         22       1923
2247         47       1998
1223         32       1946
3271         67       1996
 711         27       1969
2759         56       1992
1735         39       1983
3783         80       1996
 455         25       1996
2503         51       1983
1479         35       1947
3527         73       1990
 967         30       1997
3015         61       1986
1991         43       2000
4039         87       1987
  39         21       1942
2087         44       1978
1063         31       1997
3111         63       1984
 551         25       1931
2599         53       1994
1575         37       1991
3623         75       1977
 295         23       1945
2343         48       1974
1319         33       1942
3367         69       1989
 807         28       1975
2855         58       1996
1831         40       1967
3879         82       1979
 167         22       1946
2215         46       1978
1191         32       1970
3239         66       1989
 679         27       1992
2727         55       1979
1703         38       1955
3751         79       1993
 423         24       1939
2471         50       1967
1447         35       1971
3495         72       1984
 935         29       1954
2983         60       1975
1959         42       1976
4007         86       1987
 103         22       1991
2151         45       1980
1127         31       1953
3175         64       1972
 615         26       1964
2663         54       1986
1639         38       2000
3687         77       1987
 359         24       1985
2407         49       1971
1383         34       1958
3431         70       1974
 871         29       2000
2919         59       1986
1895         41       1972
3943         84       1984
 231         23       1989
2279         47       1977
1255         33       1987
3303         67       1975
 743         27       1949
2791         56       1971
1767         39       1962
3815         81       2000
 487         25       1976
2535         51       1962
1511         36       1982
3559         74       1996
 999         30       1977
3047         62       1997
2023         43       1978
4071         88       1989
  23         21       1954
2071         44       1990
1047         30       1944
3095         63       1996
 535         25       1943
2583         52       1967
1559         36       1949
3607         75       1989
 279         23       1957
2327         48       1986
1303         33       1954
3351         69       2000
 791         28       1987
2839         57       1973
1815         40       1978
3863         82       1991
 151         22       1958
2199         46       1990
1175         32       1982
3223         66       2000
 663         26       1930
2711         55       1990
1687         38       1966
3735         78       1979
 407         24       1951
2455         50       1978
1431         35       1983
3479         72       1997
 919         29       1966
2967         60       1987
1943         42       1988
3991         86       1998
  87         21       1910
2135         45       1990
1111         31       1963
3159         64       1982
 599         26       1974
2647         54       1998
1623         37       1958
3671         77       1997
 343         24       1995
2391         49       1982
1367         34       1969
3415         70       1985
 855         28       1941
2903         59       1998
1879         41       1983
3927         84       1996
 215         23       2000
2263         47       1988
1239         33       1998
3287         67       1986
 727         27       1960
2775         56       1982
1751         39       1973
3799         80       1985
 471         25       1987
2519         51       1973
1495         36       1993
3543         73       1979
 983         30       1988
3031         61       1975
2007         43       1990
4055         88       2000
  55         21       1932
2103         44       1968
1079         31       1985
3127         63       1973
 567         26       1997
2615         53       1982
1591         37       1979
3639         76       1993
 311         23       1933
2359         48       1963
1335         34       1990
3383         69       1978
 823         28       1963
2871         58       1986
1847         40       1956
3895         83       1993
 183         22       1935
2231         46       1968
1207         32       1958
3255         66       1978
 695         27       1981
2743         55       1968
1719         39       1996
3767         79       1983
 439         24       1928
2487         51       1996
1463         35       1960
3511         72       1974
 951         29       1943
2999         61       1998
1975         42       1965
4023         87       1999
 119         22       1982
2167         45       1970
1143         31       1944
3191         65       1993
 631         26       1954
2679         54       1977
1655         38       1991
3703         77       1977
 375         24       1976
2423         49       1961
1399         34       1949
3447         71       1992
 887         29       1989
2935         59       1977
1911         41       1963
3959         85       1997
 247         23       1980
2295         47       1967
1271         33       1977
3319         68       1995
 759         27       1939
2807         57       1995
1783         39       1952
3831         81       1989
 503         25       1966
2551         52       1990
1527         36       1972
3575         74       1985
1015         30       1967
3063         62       1987
2039         43       1968
4087         88       1979
  15         21       1961
2063         44       1996
1039         30       1950
3087         62       1970
 527         25       1949
2575         52       1973
1551         36       1955
3599         75       1995
 271         23       1963
2319         48       1992
1295         33       1960
3343         68       1978
 783         28       1994
2831         57       1980
1807         40       1985
3855         82       1998
 143         22       1964
2191         46       1997
1167         32       1988
3215         65       1976
 655         26       1938
2703         55       1996
1679         38       1973
3727         78       1986
 399         24       1958
2447         50       1985
1423         35       1989
3471         71       1975
 911         29       1973
2959         60       1994
1935         42       1994
3983         85       1981
  79         21       1916
2127         45       1997
1103         31       1969
3151         64       1989
 591         26       1980
2639         53       1966
1615         37       1964
3663         76       1977
 335         23       1918
2383         49       1988
1359         34       1975
3407         70       1991
 847         28       1947
2895         58       1970
1871         41       1989
3919         83       1978
 207         22       1919
2255         47       1995
1231         32       1943
3279         67       1992
 719         27       1966
2767         56       1989
1743         39       1979
3791         80       1992
 463         25       1993
2511         51       1980
1487         36       2000
3535         73       1987
 975         30       1994
3023         61       1982
1999         43       1996
4047         87       1985
  47         21       1938
2095         44       1974
1071         31       1993
3119         63       1980
 559         25       1926
2607         53       1990
1583         37       1987
3631         75       1974
 303         23       1940
2351         48       1971
1327         34       1997
3375         69       1985
 815         28       1970
2863         58       1992
1839         40       1964
3887         82       1977
 175         22       1942
2223         46       1975
1199         32       1966
3247         66       1985
 687         27       1989
2735         55       1976
1711         38       1951
3759         79       1990
 431         24       1935
2479         50       1963
1455         35       1967
3503         72       1982
 943         29       1951
2991         60       1972
1967         42       1972
4015         86       1984
 111         22       1988
2159         45       1977
1135         31       1950
3183         65       2000
 623         26       1962
2671         54       1984
1647         38       1997
3695         77       1984
 367         24       1982
2415         49       1968
1391         34       1956
3439         71       1999
 879         29       1996
2927         59       1983
1903         41       1969
3951         84       1981
 239         23       1986
2287         47       1974
1263         33       1984
3311         67       1972
 751         27       1946
2799         56       1968
1775         39       1959
3823         81       1997
 495         25       1973
2543         52       1997
1519         36       1979
3567         74       1993
1007         30       1974
3055         62       1993
2031         43       1975
4079         88       1985
  31         21       1951
2079         44       1986
1055         30       1941
3103         63       1992
 543         25       1939
2591         52       1963
1567         37       1999
3615         75       1985
 287         23       1953
2335         48       1982
1311         33       1951
3359         69       1997
 799         28       1983
2847         57       1969
1823         40       1975
3871         82       1988
 159         22       1954
2207         46       1986
1183         32       1978
3231         66       1996
 671         26       1927
2719         55       1987
1695         38       1963
3743         78       1976
 415         24       1947
2463         50       1974
1439         35       1979
3487         72       1993
 927         29       1962
2975         60       1983
1951         42       1984
3999         86       1995
  95         22       1998
2143         45       1987
1119         31       1960
3167         64       1979
 607         26       1971
2655         54       1994
1631         37       1955
3679         77       1994
 351         24       1992
2399         49       1978
1375         34       1965
3423         70       1981
 863         28       1938
2911         59       1994
1887         41       1979
3935         84       1992
 223         23       1996
2271         47       1984
1247         33       1994
3295         67       1983
 735         27       1956
2783         56       1979
1759         39       1969
3807         80       1983
 479         25       1983
2527         51       1970
1503         36       1989
3551         73       1976
 991         30       1985
3039         61       1972
2015         43       1986
4063         88       1996
  63         21       1928
2111         44       1964
1087         31       1981
3135         64       2000
 575         26       1992
2623         53       1979
1599         37       1976
3647         76       1990
 319         23       1929
2367         49       2000
1343         34       1986
3391         69       1974
 831         28       1959
2879         58       1982
1855         40       1952
3903         83       1989
 191         22       1931
2239         46       1964
1215         32       1954
3263         66       1974
 703         27       1977
2751         56       2000
1727         39       1991
3775         79       1978
 447         24       1924
2495         51       1991
1471         35       1955
3519         73       1998
 959         29       1939
3007         61       1993
1983         42       1960
4031         87       1996
 127         22       1978
2175         45       1967
1151         31       1940
3199         65       1989
 639         26       1951
2687         54       1973
1663         38       1987
3711         78       1999
 383         24       1972
2431         50       1998
1407         34       1946
3455         71       1988
 895         29       1987
2943         59       1973
1919         41       1959
3967         85       1995
 255         23       1977
2303         47       1964
1279         33       1974
3327         68       1991
 767         27       1936
2815         57       1992
1791         40       1999
3839         81       1986
 511         25       1963
2559         52       1987
1535         36       1970
3583         74       1982
1023         30       1965
3071         62       1983
2047         43       1965
4095         89       1998
   0         21       1972
2048         43       1964
1024         30       1963
3072         62       1983
 512         25       1962
2560         52       1986
1536         36       1968
3584         74       1981
 256         23       1976
2304         47       1963
1280         33       1973
3328         68       1990
 768         27       1935
2816         57       1992
1792         40       1998
3840         81       1986
 128         22       1978
2176         45       1966
1152         31       1940
3200         65       1988
 640         26       1951
2688         54       1973
1664         38       1987
3712         78       1998
 384         24       1971
2432         50       1997
1408         34       1946
3456         71       1988
 896         29       1987
2944         59       1973
1920         41       1959
3968         85       1994
  64         21       1927
2112         44       1963
1088         31       1980
3136         64       2000
 576         26       1991
2624         53       1978
1600         37       1975
3648         76       1990
 320         23       1928
2368         49       2000
1344         34       1985
3392         69       1974
 832         28       1959
2880         58       1982
1856         40       1952
3904         83       1989
 192         22       1930
2240         46       1963
1216         32       1954
3264         66       1975
 704         27       1976
2752         55       1965
1728         39       1991
3776         79       1978
 448         24       1924
2496         51       1991
1472         35       1955
3520         73       1998
 960         29       1939
3008         61       1994
1984         42       1961
4032         87       1995
  32         21       1951
2080         44       1987
1056         30       1941
3104         63       1992
 544         25       1939
2592         52       1964
1568         37       2000
3616         75       1986
 288         23       1953
2336         48       1982
1312         33       1951
3360         69       1998
 800         28       1983
2848         57       1970
1824         40       1975
3872         82       1988
 160         22       1955
2208         46       1987
1184         32       1979
3232         66       1998
 672         26       1928
2720         55       1988
1696         38       1964
3744         78       1977
 416         24       1948
2464         50       1976
1440         35       1979
3488         72       1994
 928         29       1963
2976         60       1985
1952         42       1984
4000         86       1996
  96         22       1999
2144         45       1988
1120         31       1961
3168         64       1980
 608         26       1972
2656         54       1994
1632         37       1956
3680         77       1995
 352         24       1992
2400         49       1978
1376         34       1966
3424         70       1981
 864         28       1938
2912         59       1994
1888         41       1980
3936         84       1992
 224         23       1997
2272         47       1985
1248         33       1995
3296         67       1983
 736         27       1956
2784         56       1979
1760         39       1969
3808         80       1982
 480         25       1983
2528         51       1969
1504         36       1989
3552         73       1976
 992         30       1984
3040         61       1972
2016         43       1986
4064         88       1996
  16         21       1962
2064         44       1997
1040         30       1952
3088         62       1971
 528         25       1950
2576         52       1974
1552         36       1957
3600         75       1996
 272         23       1964
2320         48       1993
1296         33       1962
3344         68       1979
 784         28       1995
2832         57       1980
1808         40       1986
3856         82       1998
 144         22       1965
2192         46       1997
1168         32       1989
3216         65       1977
 656         26       1938
2704         55       1998
1680         38       1974
3728         78       1987
 400         24       1959
2448         50       1985
1424         35       1989
3472         71       1975
 912         29       1973
2960         60       1993
1936         42       1993
3984         85       1982
  80         21       1916
2128         45       1997
1104         31       1969
3152         64       1988
 592         26       1980
2640         53       1967
1616         37       1964
3664         76       1977
 336         23       1917
2384         49       1988
1360         34       1974
3408         70       1991
 848         28       1946
2896         58       1969
1872         41       1988
3920         83       1977
 208         22       1918
2256         47       1994
1232         32       1942
3280         67       1991
 720         27       1965
2768         56       1988
1744         39       1978
3792         80       1991
 464         25       1992
2512         51       1979
1488         36       1999
3536         73       1985
 976         30       1993
3024         61       1981
2000         43       1995
4048         87       1983
  48         21       1937
2096         44       1974
1072         31       1992
3120         63       1979
 560         25       1926
2608         53       1988
1584         37       1986
3632         76       1999
 304         23       1939
2352         48       1969
1328         34       1996
3376         69       1984
 816         28       1969
2864         58       1992
1840         40       1962
3888         83       1999
 176         22       1941
2224         46       1974
1200         32       1965
3248         66       1984
 688         27       1987
2736         55       1974
1712         38       1951
3760         79       1989
 432         24       1934
2480         50       1962
1456         35       1966
3504         72       1980
 944         29       1949
2992         60       1971
1968         42       1971
4016         86       1983
 112         22       1987
2160         45       1976
1136         31       1949
3184         65       1998
 624         26       1960
2672         54       1982
1648         38       1996
3696         77       1982
 368         24       1980
2416         49       1967
1392         34       1955
3440         71       1997
 880         29       1995
2928         59       1983
1904         41       1968
3952         84       1980
 240         23       1985
2288         47       1973
1264         33       1983
3312         68       2000
 752         27       1945
2800         56       1967
1776         39       1958
3824         81       1995
 496         25       1972
2544         52       1996
1520         36       1978
3568         74       1991
1008         30       1972
3056         62       1993
2032         43       1974
4080         88       1984
   8         21       1966
2056         43       1957
1032         30       1957
3080         62       1976
 520         25       1955
2568         52       1979
1544         36       1962
3592         75       2000
 264         23       1969
2312         48       1997
1288         33       1967
3336         68       1984
 776         28       2000
2824         57       1984
1800         40       1991
3848         81       1979
 136         22       1970
2184         45       1959
1160         32       1994
3208         65       1982
 648         26       1943
2696         54       1966
1672         38       1979
3720         78       1992
 392         24       1964
2440         50       1990
1416         35       1995
3464         71       1980
 904         29       1978
2952         60       1999
1928         42       1999
3976         85       1987
  72         21       1921
2120         44       1957
1096         31       1974
3144         64       1993
 584         26       1985
2632         53       1971
1608         37       1968
3656         76       1982
 328         23       1922
2376         49       1993
1352         34       1979
3400         70       1995
 840         28       1951
2888         58       1974
1864         41       1993
3912         83       1982
 200         22       1923
2248         47       1999
1224         32       1947
3272         67       1996
 712         27       1970
2760         56       1993
1736         39       1983
3784         80       1996
 456         25       1997
2504         51       1983
1480         35       1947
3528         73       1990
 968         30       1998
3016         61       1986
1992         43       2000
4040         87       1988
  40         21       1942
2088         44       1978
1064         31       1997
3112         63       1984
 552         25       1931
2600         53       1993
1576         37       1991
3624         75       1978
 296         23       1945
2344         48       1974
1320         33       1943
3368         69       1989
 808         28       1975
2856         58       1996
1832         40       1967
3880         82       1980
 168         22       1946
2216         46       1979
1192         32       1970
3240         66       1988
 680         27       1993
2728         55       1979
1704         38       1955
3752         79       1993
 424         24       1939
2472         50       1966
1448         35       1971
3496         72       1985
 936         29       1954
2984         60       1975
1960         42       1976
4008         86       1987
 104         22       1991
2152         45       1980
1128         31       1953
3176         64       1972
 616         26       1964
2664         54       1987
1640         38       2000
3688         77       1987
 360         24       1985
2408         49       1971
1384         34       1958
3432         70       1974
 872         29       1999
2920         59       1987
1896         41       1973
3944         84       1984
 232         23       1990
2280         47       1977
1256         33       1987
3304         67       1975
 744         27       1949
2792         56       1971
1768         39       1962
3816         81       2000
 488         25       1976
2536         51       1962
1512         36       1983
3560         74       1996
1000         30       1977
3048         62       1996
2024         43       1979
4072         88       1989
  24         21       1955
2072         44       1991
1048         30       1944
3096         63       1995
 536         25       1942
2584         52       1968
1560         36       1950
3608         75       1989
 280         23       1957
2328         48       1986
1304         33       1954
3352         69       2000
 792         28       1987
2840         57       1973
1816         40       1979
3864         82       1991
 152         22       1958
2200         46       1990
1176         32       1982
3224         66       2000
 664         26       1931
2712         55       1990
1688         38       1967
3736         78       1980
 408         24       1951
2456         50       1978
1432         35       1983
3480         72       1996
 920         29       1966
2968         60       1987
1944         42       1987
3992         86       1999
  88         21       1911
2136         45       1990
1112         31       1963
3160         64       1982
 600         26       1975
2648         54       1997
1624         37       1957
3672         77       1997
 344         24       1994
2392         49       1981
1368         34       1969
3416         70       1985
 856         28       1940
2904         59       1997
1880         41       1983
3928         84       1995
 216         23       2000
2264         47       1988
1240         33       1997
3288         67       1985
 728         27       1958
2776         56       1982
1752         39       1972
3800         80       1985
 472         25       1986
2520         51       1973
1496         36       1993
3544         73       1979
 984         30       1987
3032         61       1975
2008         43       1989
4056         88       2000
  56         21       1931
2104         44       1967
1080         31       1985
3128         63       1972
 568         26       1996
2616         53       1982
1592         37       1978
3640         76       1993
 312         23       1932
2360         48       1963
1336         34       1989
3384         69       1978
 824         28       1963
2872         58       1985
1848         40       1956
3896         83       1993
 184         22       1934
2232         46       1967
1208         32       1958
3256         66       1978
 696         27       1981
2744         55       1968
1720         39       1995
3768         79       1982
 440         24       1927
2488         51       1995
1464         35       1959
3512         72       1974
 952         29       1943
3000         61       1997
1976         42       1964
4024         87       1999
 120         22       1982
2168         45       1969
1144         31       1944
3192         65       1992
 632         26       1954
2680         54       1977
1656         38       1991
3704         77       1977
 376         24       1975
2424         49       1960
1400         34       1949
3448         71       1992
 888         29       1990
2936         59       1976
1912         41       1962
3960         85       1998
 248         23       1980
2296         47       1967
1272         33       1978
3320         68       1994
 760         27       1940
2808         57       1996
1784         39       1953
3832         81       1990
 504         25       1966
2552         52       1990
1528         36       1972
3576         74       1985
1016         30       1968
3064         62       1987
2040         43       1968
4088         88       1979
   4         21       1970
2052         43       1960
1028         30       1959
3076         62       1978
 516         25       1959
2564         52       1982
1540         36       1964
3588         74       1977
 260         23       1972
2308         48       2000
1284         33       1970
3332         68       1986
 772         27       1931
2820         57       1987
1796         40       1994
3844         81       1981
 132         22       1974
2180         45       1961
1156         32       1998
3204         65       1984
 644         26       1946
2692         54       1968
1668         38       1982
3716         78       1994
 388         24       1967
2436         50       1992
1412         35       1998
3460         71       1983
 900         29       1982
2948         59       1969
1924         41       1954
3972         85       1990
  68         21       1924
2116         44       1959
1092         31       1977
3140         64       1996
 580         26       1988
2628         53       1974
1604         37       1971
3652         76       1986
 324         23       1925
2372         49       1996
1348         34       1981
3396         70       1999
 836         28       1954
2884         58       1977
1860         41       1997
3908         83       1985
 196         22       1926
2244         46       1959
1220         32       1950
3268         67       2000
 708         27       1972
2756         56       1996
1732         39       1986
3780         80       1999
 452         25       2000
2500         51       1987
1476         35       1952
3524         73       1994
 964         29       1934
3012         61       1990
1988         42       1957
4036         87       1992
  36         21       1947
2084         44       1982
1060         30       1936
3108         63       1988
 548         25       1934
2596         53       1998
1572         37       1996
3620         75       1982
 292         23       1948
2340         48       1978
1316         33       1946
3364         69       1993
 804         28       1979
2852         58       2000
1828         40       1971
3876         82       1984
 164         22       1950
2212         46       1983
1188         32       1974
3236         66       1993
 676         27       1997
2724         55       1983
1700         38       1959
3748         79       1997
 420         24       1944
2468         50       1971
1444         35       1975
3492         72       1989
 932         29       1959
2980         60       1980
1956         42       1980
4004         86       1991
 100         22       1995
2148         45       1984
1124         31       1958
3172         64       1976
 612         26       1968
2660         54       1991
1636         37       1952
3684         77       1991
 356         24       1989
2404         49       1975
1380         34       1963
3428         70       1979
 868         28       1935
2916         59       1991
1892         41       1977
3940         84       1989
 228         23       1995
2276         47       1982
1252         33       1992
3300         67       1980
 740         27       1954
2788         56       1976
1764         39       1967
3812         80       1980
 484         25       1980
2532         51       1966
1508         36       1987
3556         74       2000
 996         30       1982
3044         61       1969
2020         43       1983
4068         88       1994
  20         21       1960
2068         44       1995
1044         30       1949
3092         62       1969
 532         25       1947
2580         52       1972
1556         36       1954
3604         75       1994
 276         23       1961
2324         48       1991
1300         33       1960
3348         68       1977
 788         28       1992
2836         57       1978
1812         40       1984
3860         82       1996
 148         22       1963
2196         46       1996
1172         32       1988
3220         65       1975
 660         26       1937
2708         55       1996
1684         38       1972
3732         78       1985
 404         24       1957
2452         50       1983
1428         35       1988
3476         71       1974
 916         29       1972
2964         60       1992
1940         42       1993
3988         85       1981
  84         21       1915
2132         45       1996
1108         31       1968
3156         64       1987
 596         26       1979
2644         53       1965
1620         37       1963
3668         76       1977
 340         24       2000
2388         49       1987
1364         34       1974
3412         70       1990
 852         28       1946
2900         58       1968
1876         41       1988
3924         83       1977
 212         22       1919
2260         47       1993
1236         32       1942
3284         67       1991
 724         27       1964
2772         56       1987
1748         39       1978
3796         80       1990
 468         25       1991
2516         51       1979
1492         36       1998
3540         73       1985
 980         30       1993
3028         61       1981
2004         43       1994
4052         87       1983
  52         21       1936
2100         44       1972
1076         31       1991
3124         63       1977
 564         25       1925
2612         53       1987
1588         37       1984
3636         76       1998
 308         23       1938
2356         48       1968
1332         34       1994
3380         69       1984
 820         28       1968
2868         58       1990
1844         40       1961
3892         83       1998
 180         22       1939
2228         46       1972
1204         32       1963
3252         66       1983
 692         27       1986
2740         55       1973
1716         39       2000
3764         79       1987
 436         24       1933
2484         51       2000
1460         35       1965
3508         72       1979
 948         29       1948
2996         60       1969
1972         42       1969
4020         86       1982
 116         22       1986
2164         45       1974
1140         31       1949
3188         65       1997
 628         26       1959
2676         54       1982
1652         38       1995
3700         77       1981
 372         24       1979
2420         49       1966
1396         34       1954
3444         71       1996
 884         29       1994
2932         59       1981
1908         41       1968
3956         84       1979
 244         23       1984
2292         47       1972
1268         33       1982
3316         68       1999
 756         27       1944
2804         57       2000
1780         39       1957
3828         81       1994
 500         25       1970
2548         52       1995
1524         36       1977
3572         74       1989
1012         30       1972
3060         62       1991
2036         43       1972
4084         88       1984
  12         21       1966
2060         43       1956
1036         30       1956
3084         62       1975
 524         25       1954
2572         52       1978
1548         36       1961
3596         75       2000
 268         23       1968
2316         48       1996
1292         33       1966
3340         68       1983
 780         28       1999
2828         57       1984
1804         40       1990
3852         81       1978
 140         22       1970
2188         45       1958
1164         32       1994
3212         65       1981
 652         26       1942
2700         54       1965
1676         38       1978
3724         78       1991
 396         24       1963
2444         50       1990
1420         35       1994
3468         71       1980
 908         29       1979
2956         60       1998
1932         42       1999
3980         85       1986
  76         21       1921
2124         44       1956
1100         31       1974
3148         64       1993
 588         26       1985
2636         53       1972
1612         37       1969
3660         76       1983
 332         23       1922
2380         49       1993
1356         34       1979
3404         70       1996
 844         28       1952
2892         58       1974
1868         41       1994
3916         83       1983
 204         22       1924
2252         47       1999
1228         32       1948
3276         67       1997
 716         27       1970
2764         56       1993
1740         39       1984
3788         80       1996
 460         25       1997
2508         51       1984
1484         35       1948
3532         73       1991
 972         30       1999
3020         61       1986
1996         43       2000
4044         87       1989
  44         21       1943
2092         44       1979
1068         31       1997
3116         63       1985
 556         25       1931
2604         53       1994
1580         37       1992
3628         75       1978
 300         23       1944
2348         48       1975
1324         33       1943
3372         69       1989
